 0    0.115264798 
 1	  0.052959502 
 2	  0.071651090 
 3	  0.077881620 
 4	  0.065420561 
 5	  0.065420561
 6	  0.046728972 
 7	  0.059190031
 8	  0.043613707 
 9	  0.034267913 
10	  0.031152648 
11	  0.018691589
12	  0.040498442 
13	  0.043613707 
14	  0.018691589 
15	  0.028037383 
16	  0.028037383 
17	  0.021806854
18	  0.021806854 
19	  0.024922118 
20	  0.003115265 
21	  0.021806854 
22	  0.009345794 
23	  0.012461059
24	  0.006230530 
25	  0.012461059 
26	  0.009345794 
27	  0.003115265 
28	  0.003115265 
30	  0.003115265
34	  0.003115265 
35	  0.003115265
	  
 
 
 
 
 
 
 
 
 
 
 
 
 
 
 
 
 
 
 
 
 
 
 
 
 
 
 
 
 
 
 
