   Var1 Freq
1     0   84
2     1   40
3     2   48
4     3   29
5     4   34
6     5   27
7     6   21
8     7   17
9     8   20
10    9    8
11   10    8
12   11    8
13   12    9
14   13    3
15   14    1
16   15    3
17   17    3
18   18    1
19   19    1
20   20    1
 [1] 0  1  2  3  4  5  6  7  8  9  10 11 12 13 14 15 17 18 19 20
Levels: 0 1 2 3 4 5 6 7 8 9 10 11 12 13 14 15 17 18 19 20
 [1] 0.229508197 0.109289617 0.131147541 0.079234973 0.092896175 0.073770492
 [7] 0.057377049 0.046448087 0.054644809 0.021857923 0.021857923 0.021857923
[13] 0.024590164 0.008196721 0.002732240 0.008196721 0.008196721 0.002732240
[19] 0.002732240 0.002732240
