   Var1 Freq
1    -1  327
2     0   50
3     1   25
4     2   19
5     3   17
6     4   15
7     5   15
8     6   22
9     7   23
10    8   20
11    9   24
12   10   14
13   11   23
14   12   17
15   13   13
16   14   10
17   15   15
18   16    8
19   17    5
20   18    7
21   19    2
22   20    3
23   21    5
24   22    1
25   23    1
26   24    1
27   25    1
28   26    4
29   27    1
30   29    2
31   32    3
32   33    2
33   34    1
34   37    1
35   39    1
36   40    1
37   47    1
 [1] 0  1  2  3  4  5  6  7  8  9  10 11 12 13 14 15 16 17 18 19 20 21 22 23 24
[26] 25 26 27 29 32 33 34 37 39 40 47
37 Levels: -1 0 1 2 3 4 5 6 7 8 9 10 11 12 13 14 15 16 17 18 19 20 21 22 ... 47
 [1] 50 25 19 17 15 15 22 23 20 24 14 23 17 13 10 15  8  5  7  2  3  5  1  1  1
[26]  1  4  1  2  3  2  1  1  1  1  1
 [1] "-1" "0"  "1"  "2"  "3"  "4"  "5"  "6"  "7"  "8"  "9"  "10" "11" "12" "13"
[16] "14" "15" "16" "17" "18" "19" "20" "21" "22" "23" "24" "25" "26" "27" "29"
[31] "32" "33" "34" "37" "39" "40" "47"
 [1] 327  50  25  19  17  15  15  22  23  20  24  14  23  17  13  10  15   8   5
[20]   7   2   3   5   1   1   1   1   4   1   2   3   2   1   1   1   1   1
 [1] 0.467142857 0.071428571 0.035714286 0.027142857 0.024285714 0.021428571
 [7] 0.021428571 0.031428571 0.032857143 0.028571429 0.034285714 0.020000000
[13] 0.032857143 0.024285714 0.018571429 0.014285714 0.021428571 0.011428571
[19] 0.007142857 0.010000000 0.002857143 0.004285714 0.007142857 0.001428571
[25] 0.001428571 0.001428571 0.001428571 0.005714286 0.001428571 0.002857143
[31] 0.004285714 0.002857143 0.001428571 0.001428571 0.001428571 0.001428571
[37] 0.001428571
