   Var1 Freq
1     0   37
2     1   17
3     2   23
4     3   25
5     4   21
6     5   21
7     6   15
8     7   19
9     8   14
10    9   11
11   10   10
12   11    6
13   12   13
14   13   14
15   14    6
16   15    9
17   16    9
18   17    7
19   18    7
20   19    8
21   20    1
22   21    7
23   22    3
24   23    4
25   24    2
26   25    4
27   26    3
28   27    1
29   28    1
30   30    1
31   34    1
32   35    1
 [1] 0  1  2  3  4  5  6  7  8  9  10 11 12 13 14 15 16 17 18 19 20 21 22 23 24
[26] 25 26 27 28 30 34 35
32 Levels: 0 1 2 3 4 5 6 7 8 9 10 11 12 13 14 15 16 17 18 19 20 21 22 23 ... 35
 [1] 0.115264798 0.052959502 0.071651090 0.077881620 0.065420561 0.065420561
 [7] 0.046728972 0.059190031 0.043613707 0.034267913 0.031152648 0.018691589
[13] 0.040498442 0.043613707 0.018691589 0.028037383 0.028037383 0.021806854
[19] 0.021806854 0.024922118 0.003115265 0.021806854 0.009345794 0.012461059
[25] 0.006230530 0.012461059 0.009345794 0.003115265 0.003115265 0.003115265
[31] 0.003115265 0.003115265
