   40 0.817665 0.799958 
   45 0.998133 0.998051 
   22 0.115750 0.093109 
   32 0.569171 0.555431 
   30 0.475792 0.440153 
   29 0.425473 0.413631 
   26 0.272857 0.235589 
   29 0.425473 0.407959 
   41 0.927066 0.826239 
   34 0.649736 0.621407 
   38 0.772310 0.755061 
   33 0.611155 0.583455 
   29 0.425473 0.374249 
   41 0.927066 0.872622 
   32 0.569171 0.559711 
   24 0.184005 0.181442 
   24 0.184005 0.165580 
   41 0.927066 0.888286 
   31 0.523921 0.509316 
   40 0.817665 0.816330 
   23 0.147072 0.144090 
   40 0.817665 0.814808 
   32 0.569171 0.537403 
   30 0.475792 0.459700 
   36 0.716974 0.711876 
   34 0.649736 0.611406 
   29 0.425473 0.415920 
   41 0.927066 0.842695 
   41 0.927066 0.858632 
   42 0.970826 0.950669 
   37 0.746010 0.729390 
   35 0.684956 0.658589 
   42 0.970826 0.948720 
   41 0.927066 0.822499 
   25 0.226225 0.214020 
   29 0.425473 0.388873 
   26 0.272857 0.236129 
   30 0.475792 0.449609 
   40 0.817665 0.796832 
   20 0.068672 0.062368 
   21 0.089822 0.071016 
   32 0.569171 0.551893 
   34 0.649736 0.645823 
   30 0.475792 0.445265 
   29 0.425473 0.424514 
   25 0.226225 0.205534 
   34 0.649736 0.626707 
   33 0.611155 0.590094 
   22 0.115750 0.093820 
   23 0.147072 0.136023 
   29 0.425473 0.406424 
   26 0.272857 0.237910 
   42 0.970826 0.950831 
   42 0.970826 0.943828 
   36 0.716974 0.697609 
   35 0.684956 0.662707 
   32 0.569171 0.555234 
   22 0.115750 0.113529 
   31 0.523921 0.505402 
   29 0.425473 0.413866 
   20 0.068672 0.064198 
   26 0.272857 0.234792 
   21 0.089822 0.072455 
   16 0.018059 0.012918 
   20 0.068672 0.057291 
   27 0.322608 0.286475 
   29 0.425473 0.401791 
   27 0.322608 0.293420 
   37 0.746010 0.736084 
   25 0.226225 0.198622 
   28 0.373977 0.355788 
   40 0.817665 0.807101 
   38 0.772310 0.750515 
   12 0.001965 0.001611 
   26 0.272857 0.252366 
   24 0.184005 0.175030 
   25 0.226225 0.207146 
   41 0.927066 0.879073 
   38 0.772310 0.765124 
   27 0.322608 0.300966 
   16 0.018059 0.015096 
   24 0.184005 0.171548 
   32 0.569171 0.538876 
   42 0.970826 0.965926 
   22 0.115750 0.115376 
   26 0.272857 0.236485 
   34 0.649736 0.628633 
   35 0.684956 0.670610 
   28 0.373977 0.350015 
   23 0.147072 0.134035 
   21 0.089822 0.084476 
   29 0.425473 0.414213 
   28 0.373977 0.368827 
   24 0.184005 0.156931 
   30 0.475792 0.427131 
   30 0.475792 0.426118 
   30 0.475792 0.443406 
   41 0.927066 0.828921 
   37 0.746010 0.719538 
   24 0.184005 0.179490 
   18 0.037697 0.027544 
   21 0.089822 0.075326 
   43 0.988331 0.986591 
   39 0.796119 0.778059 
   21 0.089822 0.076937 
   26 0.272857 0.238956 
   42 0.970826 0.953089 
   27 0.322608 0.284083 
   23 0.147072 0.118029 
   37 0.746010 0.718213 
   33 0.611155 0.585049 
   23 0.147072 0.133125 
   41 0.927066 0.889761 
   23 0.147072 0.123925 
   22 0.115750 0.099051 
   14 0.007004 0.005137 
   28 0.373977 0.360410 
   37 0.746010 0.727684 
   35 0.684956 0.675747 
   36 0.716974 0.710425 
   41 0.927066 0.861720 
   38 0.772310 0.760222 
   23 0.147072 0.124638 
   26 0.272857 0.230547 
   41 0.927066 0.917153 
   32 0.569171 0.551768 
   35 0.684956 0.656665 
   28 0.373977 0.360558 
   29 0.425473 0.380689 
   29 0.425473 0.376203 
   32 0.569171 0.540048 
   29 0.425473 0.408233 
   30 0.475792 0.451529 
   32 0.569171 0.526639 
   25 0.226225 0.186292 
   32 0.569171 0.528466 
   38 0.772310 0.765596 
   23 0.147072 0.139381 
   40 0.817665 0.812549 
   41 0.927066 0.883625 
   41 0.927066 0.857594 
   29 0.425473 0.397598 
   16 0.018059 0.016750 
   38 0.772310 0.747355 
   31 0.523921 0.521522 
   23 0.147072 0.115801 
   38 0.772310 0.752491 
   41 0.927066 0.881932 
   41 0.927066 0.843485 
   30 0.475792 0.428238 
   33 0.611155 0.592357 
   36 0.716974 0.705205 
   25 0.226225 0.188460 
   37 0.746010 0.716995 
   42 0.970826 0.935752 
   22 0.115750 0.105613 
   26 0.272857 0.268763 
   33 0.611155 0.592418 
   30 0.475792 0.466172 
   34 0.649736 0.649452 
   42 0.970826 0.968621 
   14 0.007004 0.006220 
   20 0.068672 0.057685 
   29 0.425473 0.420150 
   32 0.569171 0.532859 
   26 0.272857 0.243977 
   42 0.970826 0.948616 
   27 0.322608 0.298455 
   29 0.425473 0.383358 
   38 0.772310 0.761164 
   24 0.184005 0.182080 
   26 0.272857 0.240952 
   24 0.184005 0.158762 
   25 0.226225 0.198830 
   43 0.988331 0.988306 
   35 0.684956 0.680285 
   27 0.322608 0.314630 
   37 0.746010 0.740798 
   32 0.569171 0.562217 
   24 0.184005 0.158116 
   24 0.184005 0.169036 
   24 0.184005 0.154574 
   41 0.927066 0.863321 
   28 0.373977 0.357496 
   41 0.927066 0.871569 
   40 0.817665 0.799073 
   30 0.475792 0.463110 
   23 0.147072 0.140332 
   29 0.425473 0.391491 
   42 0.970826 0.929281 
   39 0.796119 0.789784 
   28 0.373977 0.360112 
   42 0.970826 0.935502 
   41 0.927066 0.847469 
   39 0.796119 0.780261 
   30 0.475792 0.468361 
   22 0.115750 0.091446 
   37 0.746010 0.728877 
   38 0.772310 0.766816 
   30 0.475792 0.474805 
   31 0.523921 0.490041 
   42 0.970826 0.948895 
   36 0.716974 0.715756 
   34 0.649736 0.648803 
   24 0.184005 0.147725 
   36 0.716974 0.704063 
   28 0.373977 0.329088 
   30 0.475792 0.462355 
   30 0.475792 0.444861 
   41 0.927066 0.891305 
   34 0.649736 0.620471 
   34 0.649736 0.613897 
   19 0.051530 0.045879 
   31 0.523921 0.483792 
   43 0.988331 0.971393 
   41 0.927066 0.917448 
   27 0.322608 0.282865 
   30 0.475792 0.434503 
   20 0.068672 0.057780 
   35 0.684956 0.674356 
   28 0.373977 0.363784 
   41 0.927066 0.847564 
   18 0.037697 0.034467 
   27 0.322608 0.299286 
   36 0.716974 0.695033 
   40 0.817665 0.814729 
   38 0.772310 0.767646 
   39 0.796119 0.786480 
   32 0.569171 0.543606 
   32 0.569171 0.534462 
   26 0.272857 0.261284 
   18 0.037697 0.033647 
   31 0.523921 0.483357 
   43 0.988331 0.977041 
   35 0.684956 0.682450 
   34 0.649736 0.631082 
   35 0.684956 0.681103 
   15 0.011610 0.011538 
   22 0.115750 0.093438 
   23 0.147072 0.125964 
   41 0.927066 0.902843 
   36 0.716974 0.713909 
   37 0.746010 0.739860 
   42 0.970826 0.948722 
   25 0.226225 0.197701 
   36 0.716974 0.711253 
   41 0.927066 0.866171 
   31 0.523921 0.480566 
   23 0.147072 0.145756 
   41 0.927066 0.923951 
   24 0.184005 0.154922 
   31 0.523921 0.509540 
   38 0.772310 0.771515 
   25 0.226225 0.189389 
   40 0.817665 0.808826 
   30 0.475792 0.466549 
   14 0.007004 0.004118 
   33 0.611155 0.576472 
   26 0.272857 0.253028 
   32 0.569171 0.547724 
   22 0.115750 0.110934 
   31 0.523921 0.514313 
   33 0.611155 0.581370 
   33 0.611155 0.594292 
   31 0.523921 0.491354 
   26 0.272857 0.263821 
   25 0.226225 0.225374 
   24 0.184005 0.172457 
   27 0.322608 0.275359 
   27 0.322608 0.318811 
   27 0.322608 0.298421 
   24 0.184005 0.178202 
   18 0.037697 0.032720 
   19 0.051530 0.038281 
   23 0.147072 0.126925 
   26 0.272857 0.230421 
   38 0.772310 0.749535 
   44 0.995332 0.993096 
   36 0.716974 0.710986 
   41 0.927066 0.895291 
   41 0.927066 0.917047 
   41 0.927066 0.865908 
   29 0.425473 0.404831 
   36 0.716974 0.688562 
   20 0.068672 0.055297 
   25 0.226225 0.213657 
   24 0.184005 0.155110 
   20 0.068672 0.059415 
   39 0.796119 0.790129 
   29 0.425473 0.408139 
   33 0.611155 0.607138 
   41 0.927066 0.901063 
   41 0.927066 0.922452 
   25 0.226225 0.188509 
   31 0.523921 0.495355 
   29 0.425473 0.413805 
   30 0.475792 0.452330 
   37 0.746010 0.720729 
   33 0.611155 0.586262 
   37 0.746010 0.727689 
   19 0.051530 0.039540 
   41 0.927066 0.884683 
   41 0.927066 0.905891 
   21 0.089822 0.072260 
   41 0.927066 0.922964 
   18 0.037697 0.032816 
   27 0.322608 0.302681 
   35 0.684956 0.672499 
   17 0.026657 0.025912 
   16 0.018059 0.013667 
   32 0.569171 0.567790 
   42 0.970826 0.942959 
   41 0.927066 0.879575 
   43 0.988331 0.972621 
   34 0.649736 0.631520 
   42 0.970826 0.934872 
   25 0.226225 0.186278 
   39 0.796119 0.786631 
   44 0.995332 0.994287 
   43 0.988331 0.976407 
   25 0.226225 0.194770 
   33 0.611155 0.601426 
   41 0.927066 0.877470 
   23 0.147072 0.117221 
   39 0.796119 0.789934 
   28 0.373977 0.372825 
   32 0.569171 0.531027 
   26 0.272857 0.242264 
   22 0.115750 0.093554 
   23 0.147072 0.117289 
   42 0.970826 0.969953 
   23 0.147072 0.133094 
   13 0.003903 0.001972 
   41 0.927066 0.875844 
   25 0.226225 0.205354 
   41 0.927066 0.924936 
   41 0.927066 0.908661 
   31 0.523921 0.508035 
   33 0.611155 0.597435 
   42 0.970826 0.934572 
   31 0.523921 0.521703 
   24 0.184005 0.165225 
   41 0.927066 0.877531 
   29 0.425473 0.401278 
   23 0.147072 0.137846 
   31 0.523921 0.509051 
   28 0.373977 0.336150 
   28 0.373977 0.324124 
   27 0.322608 0.295682 
   28 0.373977 0.330437 
   27 0.322608 0.300531 
   31 0.523921 0.490452 
   42 0.970826 0.931863 
   24 0.184005 0.178000 
   33 0.611155 0.607673 
   37 0.746010 0.721797 
   32 0.569171 0.550825 
   23 0.147072 0.138700 
   42 0.970826 0.964061 
   34 0.649736 0.644379 
   26 0.272857 0.255988 
   42 0.970826 0.934014 
   39 0.796119 0.777473 
   26 0.272857 0.257960 
   40 0.817665 0.809859 
   43 0.988331 0.982827 
   24 0.184005 0.182896 
   37 0.746010 0.718519 
   31 0.523921 0.490862 
   39 0.796119 0.780332 
   35 0.684956 0.653092 
   16 0.018059 0.012565 
   42 0.970826 0.945557 
   32 0.569171 0.530623 
   29 0.425473 0.413843 
   21 0.089822 0.083404 
   19 0.051530 0.039674 
   38 0.772310 0.749993 
   29 0.425473 0.407528 
   28 0.373977 0.335356 
   21 0.089822 0.080430 
   36 0.716974 0.708058 
   41 0.927066 0.825808 
   16 0.018059 0.012293 
   41 0.927066 0.886059 
   30 0.475792 0.433481 
   37 0.746010 0.734090 
   30 0.475792 0.436884 
   33 0.611155 0.572180 
   36 0.716974 0.698152 
   21 0.089822 0.081263 
   41 0.927066 0.828168 
   34 0.649736 0.632166 
   41 0.927066 0.858736 
   21 0.089822 0.086129 
   30 0.475792 0.442024 
   41 0.927066 0.841563 
   26 0.272857 0.269025 
   24 0.184005 0.160543 
   28 0.373977 0.332425 
   19 0.051530 0.049357 
   40 0.817665 0.813635 
   28 0.373977 0.344990 
   44 0.995332 0.994914 
   28 0.373977 0.344257 
   38 0.772310 0.758833 
   21 0.089822 0.078318 
   29 0.425473 0.383931 
   31 0.523921 0.508826 
   31 0.523921 0.485845 
   37 0.746010 0.719287 
   33 0.611155 0.589257 
   25 0.226225 0.193904 
   32 0.569171 0.545095 
   33 0.611155 0.601550 
   21 0.089822 0.079963 
   43 0.988331 0.978575 
   28 0.373977 0.335640 
   31 0.523921 0.516846 
   32 0.569171 0.550756 
   18 0.037697 0.033792 
   33 0.611155 0.598109 
   29 0.425473 0.378924 
   35 0.684956 0.665958 
   30 0.475792 0.456845 
   30 0.475792 0.465052 
   22 0.115750 0.107982 
   27 0.322608 0.298408 
   37 0.746010 0.734077 
   26 0.272857 0.268525 
   34 0.649736 0.630833 
   39 0.796119 0.783434 
   21 0.089822 0.082160 
   43 0.988331 0.975823 
   39 0.796119 0.778348 
   30 0.475792 0.426418 
   37 0.746010 0.734657 
   41 0.927066 0.856666 
   40 0.817665 0.810349 
   26 0.272857 0.243483 
   28 0.373977 0.342511 
   32 0.569171 0.529636 
   41 0.927066 0.832740 
   32 0.569171 0.536415 
   21 0.089822 0.074731 
   30 0.475792 0.434289 
   34 0.649736 0.616378 
   20 0.068672 0.053306 
   38 0.772310 0.769929 
   23 0.147072 0.133224 
   33 0.611155 0.604062 
   40 0.817665 0.803721 
   37 0.746010 0.731333 
   43 0.988331 0.982986 
   30 0.475792 0.469679 
   25 0.226225 0.188178 
   30 0.475792 0.448038 
   33 0.611155 0.577660 
   31 0.523921 0.486586 
   24 0.184005 0.182116 
   41 0.927066 0.846186 
   23 0.147072 0.117419 
   42 0.970826 0.965550 
   42 0.970826 0.928346 
   22 0.115750 0.093243 
   37 0.746010 0.743898 
   28 0.373977 0.354763 
   41 0.927066 0.827899 
   33 0.611155 0.600564 
   24 0.184005 0.165112 
   21 0.089822 0.071382 
   42 0.970826 0.943075 
   36 0.716974 0.694748 
   41 0.927066 0.904122 
   31 0.523921 0.479490 
   38 0.772310 0.769479 
   28 0.373977 0.338411 
   22 0.115750 0.095868 
   41 0.927066 0.822786 
   22 0.115750 0.108340 
   26 0.272857 0.229092 
   30 0.475792 0.426848 
   41 0.927066 0.912061 
   42 0.970826 0.960425 
   29 0.425473 0.409833 
   29 0.425473 0.381740 
   24 0.184005 0.148604 
   41 0.927066 0.857872 
   42 0.970826 0.959400 
   34 0.649736 0.635190 
   19 0.051530 0.039987 
   40 0.817665 0.805586 
   38 0.772310 0.752609 
   14 0.007004 0.005537 
   37 0.746010 0.733932 
   41 0.927066 0.845852 
   38 0.772310 0.749435 
   21 0.089822 0.088696 
   35 0.684956 0.673751 
   28 0.373977 0.349999 
   26 0.272857 0.253808 
   37 0.746010 0.745133 
   27 0.322608 0.293074 
   42 0.970826 0.948556 
   34 0.649736 0.649255 
   39 0.796119 0.772564 
   37 0.746010 0.718036 
   43 0.988331 0.987666 
   41 0.927066 0.868432 
   32 0.569171 0.540821 
   22 0.115750 0.096006 
   22 0.115750 0.097524 
   42 0.970826 0.967669 
   15 0.011610 0.008067 
   20 0.068672 0.057949 
   29 0.425473 0.377502 
   29 0.425473 0.389807 
   25 0.226225 0.206553 
   26 0.272857 0.235374 
   28 0.373977 0.349208 
   41 0.927066 0.841743 
   27 0.322608 0.275361 
   24 0.184005 0.154794 
   33 0.611155 0.594353 
   27 0.322608 0.280898 
   41 0.927066 0.888726 
   30 0.475792 0.440204 
   18 0.037697 0.030332 
   43 0.988331 0.977422 
   22 0.115750 0.113956 
   29 0.425473 0.380331 
   26 0.272857 0.231229 
   41 0.927066 0.859089 
   35 0.684956 0.673405 
   24 0.184005 0.179786 
   31 0.523921 0.508344 
   30 0.475792 0.445969 
   41 0.927066 0.897821 
   31 0.523921 0.496010 
   27 0.322608 0.314400 
   30 0.475792 0.438643 
   33 0.611155 0.592016 
   29 0.425473 0.411924 
   29 0.425473 0.406311 
   33 0.611155 0.600083 
   30 0.475792 0.469873 
   39 0.796119 0.783814 
   44 0.995332 0.989891 
   35 0.684956 0.676426 
   17 0.026657 0.019187 
   28 0.373977 0.339099 
   31 0.523921 0.518169 
   27 0.322608 0.294548 
   31 0.523921 0.493893 
   22 0.115750 0.112522 
   33 0.611155 0.575446 
   29 0.425473 0.382619 
   32 0.569171 0.552726 
   33 0.611155 0.605778 
   28 0.373977 0.360040 
   35 0.684956 0.666682 
   43 0.988331 0.986109 
   33 0.611155 0.591270 
   32 0.569171 0.525771 
   35 0.684956 0.659514 
   38 0.772310 0.771055 
   18 0.037697 0.034115 
   22 0.115750 0.105483 
   35 0.684956 0.668877 
   32 0.569171 0.530125 
   29 0.425473 0.419883 
   22 0.115750 0.107519 
   23 0.147072 0.122141 
   41 0.927066 0.831807 
   31 0.523921 0.513831 
   37 0.746010 0.722224 
   27 0.322608 0.301680 
   27 0.322608 0.297644 
   36 0.716974 0.712115 
   43 0.988331 0.978106 
   27 0.322608 0.316832 
   19 0.051530 0.051214 
   31 0.523921 0.496276 
   34 0.649736 0.611380 
   32 0.569171 0.545106 
   33 0.611155 0.608797 
   25 0.226225 0.186826 
   42 0.970826 0.927725 
   24 0.184005 0.161524 
   39 0.796119 0.792604 
   27 0.322608 0.287765 
   41 0.927066 0.828206 
   39 0.796119 0.778713 
   41 0.927066 0.879035 
   28 0.373977 0.353977 
   30 0.475792 0.438227 
   35 0.684956 0.650090 
   29 0.425473 0.388092 
   32 0.569171 0.543710 
   27 0.322608 0.318967 
   41 0.927066 0.918216 
   42 0.970826 0.963593 
   30 0.475792 0.426487 
   19 0.051530 0.040357 
   39 0.796119 0.795400 
   42 0.970826 0.940317 
   38 0.772310 0.762581 
   22 0.115750 0.097080 
   26 0.272857 0.237962 
   30 0.475792 0.474696 
   21 0.089822 0.075186 
   32 0.569171 0.554794 
   32 0.569171 0.525910 
   33 0.611155 0.571462 
   24 0.184005 0.166173 
   21 0.089822 0.071016 
   24 0.184005 0.180259 
   28 0.373977 0.352999 
   46 0.999253 0.998741 
   28 0.373977 0.341783 
   23 0.147072 0.145603 
   27 0.322608 0.286506 
   24 0.184005 0.169989 
   41 0.927066 0.924316 
   24 0.184005 0.165541 
   32 0.569171 0.523965 
   28 0.373977 0.362543 
   40 0.817665 0.815632 
   41 0.927066 0.912057 
   41 0.927066 0.906253 
   23 0.147072 0.134599 
   41 0.927066 0.830273 
   41 0.927066 0.869846 
   32 0.569171 0.561085 
   41 0.927066 0.870630 
   35 0.684956 0.665246 
   31 0.523921 0.501403 
   34 0.649736 0.633211 
   38 0.772310 0.762325 
   37 0.746010 0.739365 
   22 0.115750 0.107907 
   41 0.927066 0.837511 
   27 0.322608 0.294158 
   34 0.649736 0.633817 
   29 0.425473 0.408973 
   30 0.475792 0.460332 
   36 0.716974 0.704833 
   33 0.611155 0.589232 
   40 0.817665 0.813331 
   36 0.716974 0.703574 
   42 0.970826 0.931015 
   42 0.970826 0.958934 
   44 0.995332 0.990080 
   22 0.115750 0.101004 
   41 0.927066 0.883250 
   24 0.184005 0.155621 
   34 0.649736 0.624969 
   26 0.272857 0.245793 
   43 0.988331 0.971253 
   32 0.569171 0.537026 
   24 0.184005 0.152046 
   22 0.115750 0.105852 
   28 0.373977 0.367299 
   17 0.026657 0.021892 
   35 0.684956 0.666937 
   26 0.272857 0.237930 
   36 0.716974 0.687137 
   24 0.184005 0.168340 
   41 0.927066 0.871141 
   30 0.475792 0.449463 
   41 0.927066 0.907705 
   43 0.988331 0.979048 
   27 0.322608 0.286974 
   25 0.226225 0.201863 
   34 0.649736 0.612865 
   36 0.716974 0.695947 
   35 0.684956 0.662195 
   27 0.322608 0.317698 
   27 0.322608 0.285179 
   30 0.475792 0.475526 
   17 0.026657 0.021272 
   25 0.226225 0.216194 
   30 0.475792 0.434459 
   15 0.011610 0.011352 
   27 0.322608 0.317198 
   27 0.322608 0.317709 
   24 0.184005 0.166973 
   42 0.970826 0.942167 
   32 0.569171 0.563502 
   23 0.147072 0.138226 
   31 0.523921 0.479193 
   36 0.716974 0.715549 
   26 0.272857 0.244078 
   41 0.927066 0.846492 
   37 0.746010 0.737441 
   41 0.927066 0.911015 
   21 0.089822 0.084421 
   29 0.425473 0.424578 
   21 0.089822 0.079355 
   42 0.970826 0.955562 
   41 0.927066 0.874041 
   43 0.988331 0.987060 
   42 0.970826 0.934611 
   24 0.184005 0.161015 
   25 0.226225 0.188923 
   32 0.569171 0.547476 
   41 0.927066 0.856962 
   41 0.927066 0.851118 
   41 0.927066 0.865174 
   23 0.147072 0.142142 
   28 0.373977 0.326644 
   41 0.927066 0.886447 
   28 0.373977 0.358336 
   38 0.772310 0.761103 
   41 0.927066 0.897799 
   35 0.684956 0.675534 
   21 0.089822 0.078813 
   20 0.068672 0.064772 
   34 0.649736 0.617701 
   34 0.649736 0.642315 
   25 0.226225 0.202998 
   22 0.115750 0.096893 
   28 0.373977 0.357864 
   30 0.475792 0.447076 
   42 0.970826 0.943385 
   22 0.115750 0.095304 
   28 0.373977 0.358092 
   18 0.037697 0.027807 
   31 0.523921 0.519882 
   30 0.475792 0.437447 
   43 0.988331 0.983369 
   29 0.425473 0.393923 
   29 0.425473 0.424507 
   41 0.927066 0.917980 
   32 0.569171 0.554938 
   34 0.649736 0.613430 
   30 0.475792 0.465456 
   29 0.425473 0.411900 
   30 0.475792 0.464548 
   28 0.373977 0.330630 
   32 0.569171 0.554042 
   39 0.796119 0.791192 
   25 0.226225 0.217077 
   41 0.927066 0.912378 
   32 0.569171 0.552296 
   22 0.115750 0.114875 
   33 0.611155 0.587911 
   34 0.649736 0.631108 
   24 0.184005 0.179647 
   25 0.226225 0.205612 
   27 0.322608 0.273423 
   29 0.425473 0.382646 
   27 0.322608 0.302505 
   34 0.649736 0.631287 
   41 0.927066 0.829722 
   26 0.272857 0.245891 
   37 0.746010 0.726591 
   25 0.226225 0.187813 
   27 0.322608 0.273697 
   26 0.272857 0.246474 
   34 0.649736 0.625260 
   26 0.272857 0.257066 
   34 0.649736 0.640397 
   19 0.051530 0.049767 
   24 0.184005 0.175046 
   25 0.226225 0.195335 
   35 0.684956 0.663198 
   34 0.649736 0.640501 
   33 0.611155 0.607235 
   23 0.147072 0.127746 
   43 0.988331 0.971132 
   24 0.184005 0.161277 
   41 0.927066 0.918938 
   25 0.226225 0.188208 
   21 0.089822 0.073655 
   30 0.475792 0.471234 
   27 0.322608 0.303084 
   35 0.684956 0.661566 
   22 0.115750 0.102342 
   31 0.523921 0.482731 
   41 0.927066 0.867178 
   29 0.425473 0.375765 
   41 0.927066 0.865377 
   24 0.184005 0.169684 
   15 0.011610 0.007053 
   36 0.716974 0.695098 
   29 0.425473 0.415574 
   37 0.746010 0.733644 
   41 0.927066 0.882912 
   36 0.716974 0.689272 
   43 0.988331 0.980117 
   31 0.523921 0.508172 
   42 0.970826 0.946338 
   34 0.649736 0.620514 
   32 0.569171 0.557939 
   23 0.147072 0.121384 
   40 0.817665 0.815849 
   25 0.226225 0.221137 
   38 0.772310 0.761885 
   29 0.425473 0.423084 
   28 0.373977 0.348883 
   37 0.746010 0.733017 
   33 0.611155 0.584361 
   26 0.272857 0.267821 
   41 0.927066 0.921225 
   35 0.684956 0.658015 
   37 0.746010 0.739055 
   25 0.226225 0.224309 
   27 0.322608 0.319581 
   41 0.927066 0.841397 
   36 0.716974 0.707040 
   25 0.226225 0.186760 
   25 0.226225 0.217163 
   33 0.611155 0.572416 
   28 0.373977 0.356443 
   25 0.226225 0.224215 
   26 0.272857 0.267515 
   38 0.772310 0.772018 
   42 0.970826 0.957859 
   24 0.184005 0.150427 
   30 0.475792 0.461289 
   42 0.970826 0.937976 
   35 0.684956 0.658599 
   29 0.425473 0.407627 
   32 0.569171 0.558490 
   25 0.226225 0.216538 
   32 0.569171 0.529011 
   29 0.425473 0.374339 
   30 0.475792 0.437675 
   27 0.322608 0.290896 
   40 0.817665 0.797423 
   39 0.796119 0.786558 
   17 0.026657 0.023912 
   29 0.425473 0.381784 
   20 0.068672 0.054380 
   42 0.970826 0.945137 
   19 0.051530 0.039799 
   39 0.796119 0.793435 
   24 0.184005 0.169446 
   28 0.373977 0.359380 
   34 0.649736 0.634832 
   41 0.927066 0.876486 
   32 0.569171 0.546140 
   41 0.927066 0.851995 
   30 0.475792 0.448902 
   41 0.927066 0.902583 
   21 0.089822 0.076210 
   36 0.716974 0.716417 
   35 0.684956 0.674601 
   18 0.037697 0.034069 
   41 0.927066 0.866844 
   23 0.147072 0.135890 
   43 0.988331 0.972045 
   32 0.569171 0.525443 
   32 0.569171 0.543517 
   32 0.569171 0.530535 
   37 0.746010 0.741981 
   21 0.089822 0.072528 
   41 0.927066 0.904875 
   24 0.184005 0.179656 
   28 0.373977 0.363423 
   36 0.716974 0.702298 
   42 0.970826 0.966215 
   29 0.425473 0.387335 
   21 0.089822 0.084081 
   17 0.026657 0.020594 
   28 0.373977 0.332473 
   23 0.147072 0.123880 
   40 0.817665 0.814029 
   31 0.523921 0.501918 
   31 0.523921 0.483261 
   30 0.475792 0.448861 
   29 0.425473 0.378404 
   18 0.037697 0.029401 
   27 0.322608 0.300855 
   41 0.927066 0.827306 
   42 0.970826 0.931984 
   29 0.425473 0.377065 
   32 0.569171 0.543723 
   33 0.611155 0.606585 
   29 0.425473 0.411134 
   29 0.425473 0.410567 
   37 0.746010 0.742475 
   29 0.425473 0.383179 
   42 0.970826 0.936009 
   27 0.322608 0.285993 
   41 0.927066 0.913714 
   35 0.684956 0.677990 
   28 0.373977 0.358520 
   41 0.927066 0.818589 
   41 0.927066 0.857647 
   37 0.746010 0.721944 
   31 0.523921 0.520887 
   41 0.927066 0.823861 
   22 0.115750 0.109279 
   33 0.611155 0.604968 
   41 0.927066 0.844456 
   30 0.475792 0.441751 
   37 0.746010 0.728848 
   35 0.684956 0.658485 
   42 0.970826 0.943670 
   25 0.226225 0.212109 
   22 0.115750 0.107346 
   27 0.322608 0.322074 
   26 0.272857 0.241510 
   29 0.425473 0.408201 
   24 0.184005 0.149379 
   24 0.184005 0.173495 
   39 0.796119 0.785266 
   36 0.716974 0.693102 
   39 0.796119 0.780080 
   25 0.226225 0.196400 
   22 0.115750 0.103669 
   31 0.523921 0.522555 
   33 0.611155 0.579579 
   19 0.051530 0.039678 
   40 0.817665 0.808548 
   31 0.523921 0.493293 
   37 0.746010 0.717668 
   24 0.184005 0.167068 
   27 0.322608 0.311882 
   33 0.611155 0.575315 
   41 0.927066 0.889011 
   41 0.927066 0.832769 
   29 0.425473 0.399176 
   46 0.999253 0.998290 
   30 0.475792 0.437737 
   26 0.272857 0.243632 
   30 0.475792 0.440042 
   24 0.184005 0.166585 
   41 0.927066 0.902117 
   29 0.425473 0.383712 
   29 0.425473 0.378694 
   15 0.011610 0.009462 
   36 0.716974 0.705785 
   34 0.649736 0.620205 
   29 0.425473 0.417663 
   41 0.927066 0.855164 
   39 0.796119 0.793699 
   25 0.226225 0.202930 
   32 0.569171 0.548267 
   33 0.611155 0.573779 
   29 0.425473 0.399329 
   35 0.684956 0.651935 
   22 0.115750 0.096334 
   43 0.988331 0.978908 
   36 0.716974 0.691613 
   41 0.927066 0.904882 
   30 0.475792 0.472202 
   29 0.425473 0.409281 
   21 0.089822 0.071950 
   39 0.796119 0.784084 
   43 0.988331 0.984596 
   42 0.970826 0.960961 
   34 0.649736 0.616852 
   29 0.425473 0.383772 
   42 0.970826 0.959251 
   20 0.068672 0.054589 
   34 0.649736 0.627404 
   29 0.425473 0.399293 
   25 0.226225 0.221174 
   32 0.569171 0.529521 
   39 0.796119 0.783005 
   33 0.611155 0.599868 
   32 0.569171 0.538983 
   31 0.523921 0.488790 
   25 0.226225 0.220073 
   42 0.970826 0.956646 
   28 0.373977 0.343954 
   16 0.018059 0.013772 
   24 0.184005 0.159576 
   41 0.927066 0.892221 
   33 0.611155 0.587551 
   32 0.569171 0.558905 
   32 0.569171 0.544156 
   35 0.684956 0.683885 
   32 0.569171 0.537814 
   26 0.272857 0.235769 
   33 0.611155 0.588767 
   15 0.011610 0.010015 
   34 0.649736 0.645050 
   35 0.684956 0.660717 
   39 0.796119 0.794099 
   34 0.649736 0.629646 
   34 0.649736 0.621678 
   29 0.425473 0.410951 
   16 0.018059 0.013418 
   33 0.611155 0.580929 
   30 0.475792 0.465540 
   34 0.649736 0.640822 
   43 0.988331 0.980223 
   36 0.716974 0.686714 
   24 0.184005 0.170343 
   38 0.772310 0.763227 
   27 0.322608 0.286583 
   36 0.716974 0.709326 
   26 0.272857 0.252017 
   31 0.523921 0.506656 
   35 0.684956 0.665972 
   33 0.611155 0.595971 
   31 0.523921 0.520428 
   41 0.927066 0.825548 
   31 0.523921 0.488192 
   22 0.115750 0.107979 
   29 0.425473 0.384453 
   18 0.037697 0.032348 
   39 0.796119 0.791865 
   41 0.927066 0.922266 
   26 0.272857 0.268117 
   29 0.425473 0.380632 
   42 0.970826 0.932281 
   41 0.927066 0.913168 
   19 0.051530 0.041349 
   37 0.746010 0.726380 
   32 0.569171 0.542814 
   35 0.684956 0.663027 
   23 0.147072 0.137331 
   32 0.569171 0.556232 
   26 0.272857 0.243956 
   33 0.611155 0.602872 
   25 0.226225 0.197054 
   25 0.226225 0.224178 
   27 0.322608 0.289586 
   28 0.373977 0.367397 
   43 0.988331 0.987406 
   33 0.611155 0.576169 
   21 0.089822 0.076723 
   26 0.272857 0.239423 
   21 0.089822 0.082824 
   37 0.746010 0.742694 
   41 0.927066 0.835394 
   33 0.611155 0.603252 
   32 0.569171 0.568242 
   28 0.373977 0.323587 
   36 0.716974 0.711232 
   42 0.970826 0.952695 
   28 0.373977 0.355935 
   31 0.523921 0.503096 
   41 0.927066 0.874961 
   34 0.649736 0.624053 
   41 0.927066 0.883728 
   40 0.817665 0.807242 
   32 0.569171 0.537220 
   41 0.927066 0.925077 
   32 0.569171 0.533622 
   21 0.089822 0.080034 
   33 0.611155 0.588104 
   35 0.684956 0.670954 
   34 0.649736 0.636267 
   41 0.927066 0.832060 
   27 0.322608 0.273825 
   41 0.927066 0.833321 
   20 0.068672 0.056238 
   32 0.569171 0.563411 
   25 0.226225 0.200718 
   19 0.051530 0.043644 
   23 0.147072 0.139580 
   27 0.322608 0.277441 
   27 0.322608 0.283067 
   25 0.226225 0.222404 
   17 0.026657 0.020135 
   23 0.147072 0.118461 
   41 0.927066 0.825657 
   33 0.611155 0.588377 
   30 0.475792 0.442048 
   32 0.569171 0.536889 
   32 0.569171 0.541072 
   40 0.817665 0.797983 
   19 0.051530 0.039985 
   29 0.425473 0.416033 
   29 0.425473 0.422035 
   41 0.927066 0.923714 
   25 0.226225 0.223275 
   42 0.970826 0.959256 
   41 0.927066 0.848791 
   38 0.772310 0.756898 
   19 0.051530 0.039290 
   30 0.475792 0.436895 
   30 0.475792 0.427851 
   35 0.684956 0.675557 
   26 0.272857 0.268954 
   36 0.716974 0.701677 
   31 0.523921 0.508878 
   28 0.373977 0.325192 
   26 0.272857 0.265088 
   36 0.716974 0.709597 
   28 0.373977 0.368836 
   29 0.425473 0.404668 
   43 0.988331 0.987038 
   35 0.684956 0.651903 
   34 0.649736 0.627073 
   15 0.011610 0.007173 
   38 0.772310 0.770364 
   30 0.475792 0.452730 
   33 0.611155 0.595550 
   25 0.226225 0.212412 
   44 0.995332 0.989618 
   23 0.147072 0.136622 
   15 0.011610 0.010394 
   18 0.037697 0.029604 
   32 0.569171 0.552655 
   30 0.475792 0.432430 
   42 0.970826 0.953317 
   39 0.796119 0.775930 
   29 0.425473 0.391685 
   40 0.817665 0.802108 
   32 0.569171 0.532828 
   30 0.475792 0.430976 
   26 0.272857 0.239003 
   42 0.970826 0.960679 
   22 0.115750 0.106533 
   31 0.523921 0.507957 
   35 0.684956 0.662356 
   34 0.649736 0.615411 
   41 0.927066 0.833149 
   42 0.970826 0.927444 
   28 0.373977 0.325008 
   25 0.226225 0.201985 
   28 0.373977 0.332113 
   27 0.322608 0.312045 
   41 0.927066 0.853888 
   42 0.970826 0.959185 
   27 0.322608 0.319218 
   34 0.649736 0.624251 
   29 0.425473 0.411915 
   41 0.927066 0.914769 
   41 0.927066 0.836663 
   29 0.425473 0.401533 
   19 0.051530 0.051391 
   41 0.927066 0.847057 
   30 0.475792 0.431137 
   33 0.611155 0.604047 
   27 0.322608 0.279487 
   29 0.425473 0.384454 
   29 0.425473 0.379977 
   35 0.684956 0.671172 
   25 0.226225 0.186562 
   41 0.927066 0.912805 
   22 0.115750 0.102148 
   30 0.475792 0.425565 
   41 0.927066 0.873484 
   25 0.226225 0.208681 
   42 0.970826 0.933521 
   32 0.569171 0.535841 
   41 0.927066 0.824092 
   38 0.772310 0.766670 
   30 0.475792 0.463285 
   24 0.184005 0.149099 
   42 0.970826 0.968655 
   39 0.796119 0.795398 
   30 0.475792 0.461144 
   41 0.927066 0.822543 
   38 0.772310 0.754583 
   39 0.796119 0.780363 
   30 0.475792 0.446794 
   24 0.184005 0.166498 
   36 0.716974 0.695132 
   27 0.322608 0.283457 
   32 0.569171 0.568031 
   38 0.772310 0.746523 
   23 0.147072 0.130514 
   46 0.999253 0.999168 
   28 0.373977 0.350570 
   29 0.425473 0.410001 
   29 0.425473 0.383623 
   37 0.746010 0.730547 
   21 0.089822 0.081173 
   33 0.611155 0.570185 
   34 0.649736 0.643352 
   24 0.184005 0.183321 
   45 0.998133 0.995750 
   31 0.523921 0.516836 
   29 0.425473 0.392002 
   42 0.970826 0.929271 
   20 0.068672 0.052677 
   25 0.226225 0.216093 
   36 0.716974 0.695942 
   31 0.523921 0.515962 
   28 0.373977 0.365192 
   35 0.684956 0.664597 
   27 0.322608 0.311359 
   41 0.927066 0.826337 
   31 0.523921 0.487139 
   20 0.068672 0.065942 
   33 0.611155 0.606700 
   42 0.970826 0.933933 
   26 0.272857 0.232440 
   27 0.322608 0.301831 
   25 0.226225 0.217390 
   40 0.817665 0.800472 
   19 0.051530 0.048355 
   28 0.373977 0.347904 
   40 0.817665 0.799640 
   29 0.425473 0.398924 
   38 0.772310 0.757904 
   24 0.184005 0.183263 
   23 0.147072 0.129471 
   41 0.927066 0.839077 
   38 0.772310 0.753448 
   39 0.796119 0.772823 
   17 0.026657 0.022398 
   38 0.772310 0.749198 
   27 0.322608 0.289659 
   29 0.425473 0.414400 
   35 0.684956 0.678469 
   28 0.373977 0.342336 
   34 0.649736 0.630493 
   29 0.425473 0.374411 
   41 0.927066 0.858297 
   45 0.998133 0.995685 
   19 0.051530 0.039007 
   24 0.184005 0.169657 
   41 0.927066 0.822022 
   32 0.569171 0.526147 
   26 0.272857 0.235599 
   30 0.475792 0.428721 
   30 0.475792 0.460080 
   30 0.475792 0.468039 
   37 0.746010 0.730553 
   35 0.684956 0.677470 
   26 0.272857 0.268511 
   39 0.796119 0.778907 
   17 0.026657 0.025374 
   20 0.068672 0.068151 
   24 0.184005 0.177832 
   39 0.796119 0.783278 
   26 0.272857 0.251414 
   27 0.322608 0.307303 
   34 0.649736 0.622356 
   14 0.007004 0.004862 
   21 0.089822 0.080126 
   34 0.649736 0.644754 
   38 0.772310 0.754060 
   28 0.373977 0.369784 
   20 0.068672 0.059154 
   30 0.475792 0.432529 
   36 0.716974 0.712120 
   36 0.716974 0.689647 
   40 0.817665 0.806940 
   33 0.611155 0.570417 
   36 0.716974 0.685332 
   41 0.927066 0.845947 
   37 0.746010 0.740074 
   31 0.523921 0.507354 
   28 0.373977 0.372094 
   43 0.988331 0.975673 
   42 0.970826 0.936076 
   41 0.927066 0.832174 
   30 0.475792 0.443712 
   35 0.684956 0.666628 
   31 0.523921 0.509644 
   36 0.716974 0.712223 
   30 0.475792 0.445536 
   32 0.569171 0.535018 
   39 0.796119 0.780375 
   34 0.649736 0.623368 
   27 0.322608 0.318296 
   18 0.037697 0.031789 
   42 0.970826 0.930670 
   42 0.970826 0.940652 
   18 0.037697 0.036652 
   15 0.011610 0.010796 
   33 0.611155 0.585406 
   39 0.796119 0.790712 
   29 0.425473 0.380580 
   34 0.649736 0.644560 
   25 0.226225 0.223241 
   22 0.115750 0.092700 
   28 0.373977 0.334207 
   18 0.037697 0.030181 
   35 0.684956 0.663117 
   17 0.026657 0.019539 
   41 0.927066 0.876129 
   29 0.425473 0.403191 
   32 0.569171 0.526893 
   26 0.272857 0.248223 
   29 0.425473 0.378864 
   30 0.475792 0.462968 
   21 0.089822 0.080397 
   41 0.927066 0.822576 
   23 0.147072 0.129597 
   33 0.611155 0.590041 
   32 0.569171 0.534799 
   33 0.611155 0.575133 
   23 0.147072 0.125058 
   27 0.322608 0.315174 
   25 0.226225 0.198500 
   30 0.475792 0.443354 
   28 0.373977 0.346963 
   23 0.147072 0.129171 
   29 0.425473 0.384006 
   29 0.425473 0.383615 
   23 0.147072 0.139967 
   42 0.970826 0.969411 
   24 0.184005 0.174327 
   31 0.523921 0.520547 
   34 0.649736 0.613971 
   29 0.425473 0.397568 
   34 0.649736 0.613247 
   42 0.970826 0.948178 
   30 0.475792 0.427749 
   27 0.322608 0.276364 
   42 0.970826 0.967717 
   27 0.322608 0.303878 
   35 0.684956 0.679555 
   31 0.523921 0.494609 
   32 0.569171 0.552101 
   20 0.068672 0.058419 
   42 0.970826 0.957578 
   34 0.649736 0.632497 
   41 0.927066 0.880994 
   21 0.089822 0.087174 
   25 0.226225 0.222538 
   29 0.425473 0.415793 
   35 0.684956 0.662307 
   28 0.373977 0.347596 
   37 0.746010 0.730967 
   41 0.927066 0.860807 
   39 0.796119 0.790951 
   21 0.089822 0.077930 
   44 0.995332 0.989978 
   24 0.184005 0.174957 
   30 0.475792 0.461544 
   23 0.147072 0.129944 
   23 0.147072 0.144368 
   34 0.649736 0.635871 
   35 0.684956 0.650491 
   38 0.772310 0.758339 
   18 0.037697 0.033439 
   26 0.272857 0.263738 
   36 0.716974 0.706517 
   30 0.475792 0.461188 
   32 0.569171 0.540102 
   35 0.684956 0.674233 
   38 0.772310 0.765066 
   25 0.226225 0.219657 
   24 0.184005 0.168843 
   27 0.322608 0.317167 
   27 0.322608 0.278076 
   23 0.147072 0.126420 
   42 0.970826 0.949664 
   24 0.184005 0.159070 
   25 0.226225 0.213595 
   24 0.184005 0.172202 
   33 0.611155 0.574863 
   41 0.927066 0.875902 
   31 0.523921 0.519799 
   27 0.322608 0.305830 
   37 0.746010 0.736709 
   27 0.322608 0.310749 
   29 0.425473 0.383760 
   37 0.746010 0.726687 
   31 0.523921 0.485706 
   41 0.927066 0.845304 
   41 0.927066 0.856631 
   34 0.649736 0.630074 
   31 0.523921 0.481175 
   31 0.523921 0.507122 
   29 0.425473 0.388413 
   31 0.523921 0.514614 
   38 0.772310 0.770860 
   22 0.115750 0.094930 
   43 0.988331 0.975802 
   27 0.322608 0.310962 
   38 0.772310 0.769163 
   37 0.746010 0.740868 
   32 0.569171 0.530619 
   42 0.970826 0.938006 
   20 0.068672 0.058035 
   40 0.817665 0.808694 
   20 0.068672 0.064426 
   15 0.011610 0.007699 
   42 0.970826 0.967764 
   27 0.322608 0.278021 
   24 0.184005 0.179901 
   32 0.569171 0.542627 
   24 0.184005 0.153923 
   36 0.716974 0.699700 
   41 0.927066 0.848457 
   41 0.927066 0.890632 
   15 0.011610 0.010449 
   26 0.272857 0.232217 
   34 0.649736 0.617318 
   31 0.523921 0.496155 
   21 0.089822 0.077521 
   30 0.475792 0.473949 
   23 0.147072 0.126229 
   32 0.569171 0.558696 
   43 0.988331 0.981071 
   31 0.523921 0.514642 
   21 0.089822 0.073310 
   38 0.772310 0.751930 
   33 0.611155 0.609572 
   19 0.051530 0.049111 
   20 0.068672 0.062892 
   29 0.425473 0.378736 
   39 0.796119 0.789979 
   33 0.611155 0.593510 
   27 0.322608 0.316742 
   41 0.927066 0.848014 
   29 0.425473 0.402205 
   29 0.425473 0.381168 
   41 0.927066 0.855712 
   28 0.373977 0.369969 
   35 0.684956 0.659190 
   18 0.037697 0.035613 
   41 0.927066 0.912596 
   40 0.817665 0.813112 
   37 0.746010 0.735313 
   38 0.772310 0.761053 
   36 0.716974 0.703744 
   37 0.746010 0.745762 
   44 0.995332 0.993270 
   27 0.322608 0.321062 
   26 0.272857 0.241917 
   21 0.089822 0.070791 
   39 0.796119 0.795011 
   28 0.373977 0.368146 
   34 0.649736 0.629487 
   39 0.796119 0.776082 
   41 0.927066 0.882789 
   36 0.716974 0.702797 
   32 0.569171 0.528012 
   31 0.523921 0.492361 
   38 0.772310 0.751908 
   33 0.611155 0.590904 
   41 0.927066 0.871097 
   32 0.569171 0.541887 
   25 0.226225 0.184415 
   25 0.226225 0.187839 
   29 0.425473 0.389901 
   33 0.611155 0.586619 
   32 0.569171 0.569007 
   26 0.272857 0.245613 
   42 0.970826 0.956588 
   26 0.272857 0.228197 
   27 0.322608 0.281227 
   41 0.927066 0.869184 
   19 0.051530 0.041309 
   16 0.018059 0.016540 
   34 0.649736 0.630237 
   37 0.746010 0.745053 
   38 0.772310 0.762302 
   34 0.649736 0.623507 
   20 0.068672 0.066115 
   14 0.007004 0.004219 
   36 0.716974 0.694298 
   41 0.927066 0.861127 
   28 0.373977 0.372365 
   28 0.373977 0.323785 
   34 0.649736 0.637209 
   26 0.272857 0.255154 
   17 0.026657 0.026582 
   24 0.184005 0.165221 
   38 0.772310 0.747515 
   39 0.796119 0.778490 
   38 0.772310 0.756125 
   34 0.649736 0.618612 
   27 0.322608 0.320377 
   42 0.970826 0.940540 
   40 0.817665 0.806450 
   36 0.716974 0.710278 
   32 0.569171 0.527159 
   29 0.425473 0.375457 
   42 0.970826 0.955891 
   31 0.523921 0.483747 
   33 0.611155 0.603654 
   26 0.272857 0.237118 
   28 0.373977 0.352931 
   34 0.649736 0.644963 
   26 0.272857 0.253658 
   43 0.988331 0.983168 
   29 0.425473 0.390016 
   16 0.018059 0.015960 
   33 0.611155 0.606676 
   30 0.475792 0.456131 
   17 0.026657 0.020178 
   27 0.322608 0.300974 
   27 0.322608 0.317258 
   29 0.425473 0.392543 
   34 0.649736 0.624759 
   42 0.970826 0.954466 
   34 0.649736 0.647697 
   35 0.684956 0.651340 
   23 0.147072 0.119687 
   29 0.425473 0.395212 
   30 0.475792 0.429830 
   41 0.927066 0.875813 
   16 0.018059 0.013823 
   38 0.772310 0.750207 
   40 0.817665 0.816353 
   41 0.927066 0.820273 
   30 0.475792 0.460485 
   28 0.373977 0.343512 
   25 0.226225 0.195731 
   29 0.425473 0.416376 
   41 0.927066 0.827259 
   40 0.817665 0.799385 
   35 0.684956 0.653494 
   24 0.184005 0.180191 
   30 0.475792 0.444348 
   41 0.927066 0.907152 
   24 0.184005 0.163359 
   41 0.927066 0.834364 
   41 0.927066 0.923111 
   38 0.772310 0.770035 
   27 0.322608 0.290495 
   42 0.970826 0.943290 
   21 0.089822 0.071008 
   33 0.611155 0.607753 
   28 0.373977 0.335833 
   36 0.716974 0.695767 
   32 0.569171 0.562219 
   43 0.988331 0.983530 
   28 0.373977 0.347107 
   35 0.684956 0.681907 
   29 0.425473 0.378742 
   39 0.796119 0.776937 
   32 0.569171 0.557719 
   29 0.425473 0.392565 
   32 0.569171 0.527144 
   29 0.425473 0.374072 
   25 0.226225 0.212838 
   43 0.988331 0.987628 
   37 0.746010 0.717584 
   29 0.425473 0.408569 
   29 0.425473 0.404004 
   32 0.569171 0.544843 
   25 0.226225 0.207954 
   20 0.068672 0.057498 
   37 0.746010 0.725034 
   35 0.684956 0.652301 
   42 0.970826 0.964650 
   41 0.927066 0.888393 
   31 0.523921 0.486665 
   41 0.927066 0.887761 
   35 0.684956 0.658428 
   39 0.796119 0.777160 
   41 0.927066 0.831051 
   37 0.746010 0.729436 
   29 0.425473 0.384913 
   24 0.184005 0.166884 
   29 0.425473 0.425203 
   42 0.970826 0.947132 
   24 0.184005 0.150414 
   39 0.796119 0.772310 
   34 0.649736 0.629038 
   32 0.569171 0.529155 
   32 0.569171 0.549247 
   25 0.226225 0.186758 
   41 0.927066 0.921720 
   21 0.089822 0.076391 
   32 0.569171 0.560830 
   23 0.147072 0.134558 
   20 0.068672 0.064019 
   27 0.322608 0.278414 
   32 0.569171 0.543127 
   30 0.475792 0.468023 
   41 0.927066 0.823257 
   38 0.772310 0.751081 
   32 0.569171 0.525521 
   32 0.569171 0.548291 
   29 0.425473 0.403382 
   31 0.523921 0.490171 
   30 0.475792 0.436684 
   41 0.927066 0.890048 
   29 0.425473 0.377933 
   22 0.115750 0.095112 
   35 0.684956 0.667207 
   25 0.226225 0.208983 
   41 0.927066 0.824548 
   20 0.068672 0.052120 
   29 0.425473 0.375867 
   26 0.272857 0.249751 
   46 0.999253 0.999252 
   32 0.569171 0.526281 
   17 0.026657 0.022061 
   34 0.649736 0.628290 
   20 0.068672 0.055436 
   33 0.611155 0.571309 
   40 0.817665 0.815048 
   43 0.988331 0.977156 
   34 0.649736 0.647700 
   29 0.425473 0.375878 
   22 0.115750 0.111714 
   36 0.716974 0.711719 
   35 0.684956 0.654292 
   35 0.684956 0.654842 
   24 0.184005 0.179743 
   31 0.523921 0.477549 
   29 0.425473 0.405922 
   36 0.716974 0.705264 
   17 0.026657 0.025840 
   40 0.817665 0.809305 
   25 0.226225 0.195435 
   30 0.475792 0.462524 
   36 0.716974 0.699352 
   33 0.611155 0.573368 
   32 0.569171 0.557636 
   28 0.373977 0.366560 
   39 0.796119 0.782351 
   29 0.425473 0.382185 
   29 0.425473 0.418680 
   24 0.184005 0.158219 
   34 0.649736 0.631936 
   29 0.425473 0.417932 
   35 0.684956 0.684500 
   35 0.684956 0.653997 
   19 0.051530 0.046222 
   37 0.746010 0.739936 
   25 0.226225 0.225306 
   41 0.927066 0.861271 
   37 0.746010 0.717092 
   41 0.927066 0.873005 
   26 0.272857 0.237148 
   41 0.927066 0.828807 
   33 0.611155 0.584724 
   41 0.927066 0.891440 
   31 0.523921 0.483648 
   38 0.772310 0.764467 
   28 0.373977 0.368989 
   41 0.927066 0.889571 
   30 0.475792 0.469731 
   29 0.425473 0.394829 
   36 0.716974 0.698876 
   35 0.684956 0.665167 
   41 0.927066 0.857354 
   29 0.425473 0.398228 
   26 0.272857 0.238535 
   29 0.425473 0.414990 
   38 0.772310 0.764788 
   17 0.026657 0.020886 
   40 0.817665 0.797175 
   24 0.184005 0.183468 
   24 0.184005 0.179105 
   30 0.475792 0.429110 
   33 0.611155 0.601400 
   41 0.927066 0.863605 
   21 0.089822 0.083107 
   34 0.649736 0.647622 
   33 0.611155 0.603541 
   27 0.322608 0.308413 
   31 0.523921 0.508893 
   27 0.322608 0.320633 
   24 0.184005 0.181418 
   38 0.772310 0.746041 
   24 0.184005 0.149440 
   38 0.772310 0.766143 
   34 0.649736 0.637482 
   34 0.649736 0.633088 
   32 0.569171 0.530610 
   14 0.007004 0.006471 
   31 0.523921 0.522659 
   11 0.000864 0.000341 
   29 0.425473 0.401300 
   25 0.226225 0.221534 
   35 0.684956 0.665507 
   26 0.272857 0.258654 
   34 0.649736 0.619762 
   41 0.927066 0.904042 
   35 0.684956 0.673644 
   29 0.425473 0.384550 
   41 0.927066 0.924928 
   30 0.475792 0.470819 
   32 0.569171 0.568018 
   22 0.115750 0.104033 
   41 0.927066 0.899929 
   24 0.184005 0.169418 
   42 0.970826 0.967637 
   43 0.988331 0.983037 
   40 0.817665 0.817041 
   33 0.611155 0.571178 
   27 0.322608 0.291450 
   28 0.373977 0.325933 
   41 0.927066 0.891811 
   30 0.475792 0.472868 
   21 0.089822 0.071975 
   19 0.051530 0.041250 
   26 0.272857 0.239010 
   36 0.716974 0.709456 
   35 0.684956 0.674338 
   38 0.772310 0.769620 
   36 0.716974 0.715927 
   25 0.226225 0.196997 
   38 0.772310 0.769961 
   23 0.147072 0.117227 
   29 0.425473 0.418531 
   30 0.475792 0.435468 
   29 0.425473 0.375881 
   19 0.051530 0.038294 
   28 0.373977 0.339510 
   19 0.051530 0.049525 
   29 0.425473 0.422844 
   26 0.272857 0.264438 
   31 0.523921 0.520344 
   44 0.995332 0.990862 
   28 0.373977 0.368471 
   29 0.425473 0.420274 
   24 0.184005 0.160281 
   28 0.373977 0.336108 
   29 0.425473 0.403310 
   43 0.988331 0.977321 
   41 0.927066 0.907285 
   36 0.716974 0.694760 
   27 0.322608 0.303255 
   40 0.817665 0.799096 
   24 0.184005 0.167627 
   29 0.425473 0.375229 
   41 0.927066 0.840346 
   29 0.425473 0.406638 
   21 0.089822 0.084685 
   31 0.523921 0.514684 
   24 0.184005 0.176258 
   40 0.817665 0.800612 
   36 0.716974 0.711681 
   42 0.970826 0.946219 
   41 0.927066 0.917839 
   23 0.147072 0.130212 
   29 0.425473 0.381687 
   27 0.322608 0.293720 
   24 0.184005 0.168506 
   37 0.746010 0.721197 
   28 0.373977 0.343245 
   33 0.611155 0.591350 
   43 0.988331 0.985635 
   41 0.927066 0.863590 
   33 0.611155 0.582212 
   28 0.373977 0.354106 
   27 0.322608 0.283863 
   37 0.746010 0.742493 
   36 0.716974 0.690214 
   36 0.716974 0.687173 
   37 0.746010 0.719814 
   33 0.611155 0.597499 
   29 0.425473 0.381933 
   17 0.026657 0.023069 
   29 0.425473 0.396595 
   32 0.569171 0.549561 
   29 0.425473 0.398298 
   26 0.272857 0.236941 
   42 0.970826 0.956199 
   31 0.523921 0.482983 
   38 0.772310 0.751625 
   23 0.147072 0.132457 
   27 0.322608 0.283595 
   30 0.475792 0.463306 
   21 0.089822 0.078676 
   25 0.226225 0.201435 
   33 0.611155 0.593519 
   30 0.475792 0.460363 
   31 0.523921 0.495155 
   38 0.772310 0.762025 
   24 0.184005 0.181560 
   41 0.927066 0.838401 
   28 0.373977 0.353375 
   24 0.184005 0.167196 
   36 0.716974 0.701990 
   42 0.970826 0.935587 
   31 0.523921 0.521302 
   43 0.988331 0.985853 
   35 0.684956 0.678080 
   25 0.226225 0.211516 
   35 0.684956 0.673027 
   29 0.425473 0.397894 
   40 0.817665 0.809015 
   20 0.068672 0.054960 
   29 0.425473 0.420962 
   25 0.226225 0.205610 
   33 0.611155 0.604521 
   41 0.927066 0.819260 
   30 0.475792 0.442551 
   32 0.569171 0.560719 
   27 0.322608 0.302243 
   25 0.226225 0.194176 
   36 0.716974 0.693176 
   33 0.611155 0.585838 
   35 0.684956 0.657483 
   38 0.772310 0.771851 
   39 0.796119 0.787273 
   26 0.272857 0.251001 
   26 0.272857 0.232214 
   27 0.322608 0.282428 
   16 0.018059 0.013026 
   29 0.425473 0.413775 
   23 0.147072 0.120829 
   28 0.373977 0.366401 
   33 0.611155 0.580971 
   41 0.927066 0.822819 
   27 0.322608 0.301987 
   22 0.115750 0.102273 
   40 0.817665 0.808673 
   43 0.988331 0.980067 
   27 0.322608 0.313788 
   31 0.523921 0.481699 
   29 0.425473 0.377960 
   23 0.147072 0.122803 
   32 0.569171 0.536659 
   40 0.817665 0.798923 
   28 0.373977 0.328413 
   23 0.147072 0.141180 
   34 0.649736 0.618182 
   38 0.772310 0.770964 
   36 0.716974 0.701899 
   41 0.927066 0.920425 
   42 0.970826 0.965140 
   29 0.425473 0.395074 
   31 0.523921 0.506264 
   34 0.649736 0.622622 
   24 0.184005 0.166926 
   27 0.322608 0.293537 
   41 0.927066 0.873624 
   29 0.425473 0.399140 
   33 0.611155 0.575965 
   41 0.927066 0.886650 
   40 0.817665 0.812915 
   36 0.716974 0.696794 
   26 0.272857 0.253051 
   29 0.425473 0.393885 
   31 0.523921 0.519613 
   32 0.569171 0.555038 
   31 0.523921 0.496158 
   28 0.373977 0.328285 
   32 0.569171 0.535105 
   40 0.817665 0.809946 
   40 0.817665 0.809985 
   41 0.927066 0.913066 
   42 0.970826 0.932749 
   28 0.373977 0.346644 
   36 0.716974 0.711988 
   26 0.272857 0.261162 
   31 0.523921 0.487824 
   28 0.373977 0.330170 
   18 0.037697 0.032126 
   25 0.226225 0.189722 
   26 0.272857 0.250596 
   45 0.998133 0.997266 
   33 0.611155 0.584797 
   38 0.772310 0.756859 
   34 0.649736 0.619888 
   38 0.772310 0.751722 
   19 0.051530 0.050396 
   31 0.523921 0.493512 
   24 0.184005 0.150862 
   34 0.649736 0.626361 
   29 0.425473 0.380162 
   42 0.970826 0.963777 
   28 0.373977 0.323154 
   34 0.649736 0.633213 
   28 0.373977 0.357662 
   41 0.927066 0.842767 
   25 0.226225 0.188251 
   41 0.927066 0.853820 
   24 0.184005 0.171053 
   37 0.746010 0.723356 
   35 0.684956 0.663767 
   43 0.988331 0.981037 
   34 0.649736 0.636422 
   33 0.611155 0.596516 
   28 0.373977 0.327681 
   28 0.373977 0.348410 
   41 0.927066 0.857678 
   40 0.817665 0.815505 
   35 0.684956 0.678581 
   41 0.927066 0.889804 
   14 0.007004 0.005227 
   42 0.970826 0.929176 
   41 0.927066 0.887070 
   33 0.611155 0.590024 
   36 0.716974 0.686035 
   31 0.523921 0.506958 
   28 0.373977 0.341746 
   37 0.746010 0.736431 
   11 0.000864 0.000470 
   31 0.523921 0.492609 
   28 0.373977 0.362792 
   29 0.425473 0.380632 
   30 0.475792 0.456386 
   36 0.716974 0.685946 
   16 0.018059 0.013845 
   40 0.817665 0.814048 
   32 0.569171 0.528714 
   25 0.226225 0.202096 
   35 0.684956 0.667869 
   36 0.716974 0.699766 
   41 0.927066 0.925452 
   28 0.373977 0.331636 
   35 0.684956 0.680804 
   32 0.569171 0.561874 
   42 0.970826 0.928152 
   15 0.011610 0.008485 
   41 0.927066 0.910284 
   39 0.796119 0.785830 
   41 0.927066 0.823990 
   33 0.611155 0.588865 
   35 0.684956 0.675634 
   41 0.927066 0.829217 
   31 0.523921 0.518041 
   32 0.569171 0.562704 
   29 0.425473 0.419241 
   25 0.226225 0.204076 
   21 0.089822 0.069662 
   38 0.772310 0.760987 
   42 0.970826 0.940508 
   21 0.089822 0.070131 
   26 0.272857 0.253596 
   27 0.322608 0.303300 
   30 0.475792 0.450763 
   36 0.716974 0.709982 
   44 0.995332 0.989246 
   30 0.475792 0.464608 
   32 0.569171 0.524030 
   31 0.523921 0.517960 
   35 0.684956 0.666703 
   25 0.226225 0.191899 
   25 0.226225 0.217726 
   33 0.611155 0.592156 
   31 0.523921 0.523534 
   41 0.927066 0.898530 
   24 0.184005 0.154030 
   30 0.475792 0.451686 
   41 0.927066 0.907014 
   20 0.068672 0.064314 
   26 0.272857 0.237516 
   37 0.746010 0.731004 
   35 0.684956 0.653178 
   41 0.927066 0.913151 
   32 0.569171 0.560221 
   24 0.184005 0.171219 
   31 0.523921 0.475854 
   43 0.988331 0.979461 
   29 0.425473 0.375296 
   32 0.569171 0.545516 
   37 0.746010 0.740448 
   27 0.322608 0.315803 
   34 0.649736 0.615647 
   44 0.995332 0.994044 
   34 0.649736 0.619103 
   20 0.068672 0.066411 
   36 0.716974 0.704025 
   33 0.611155 0.608349 
   32 0.569171 0.531018 
   26 0.272857 0.228055 
   23 0.147072 0.126309 
   25 0.226225 0.197722 
   29 0.425473 0.419954 
   28 0.373977 0.344035 
   39 0.796119 0.789877 
   42 0.970826 0.943488 
   26 0.272857 0.242565 
   42 0.970826 0.943907 
   29 0.425473 0.395174 
   24 0.184005 0.149579 
   15 0.011610 0.008221 
   34 0.649736 0.632691 
   41 0.927066 0.880583 
   35 0.684956 0.661399 
   32 0.569171 0.545841 
   30 0.475792 0.440804 
   41 0.927066 0.832618 
   17 0.026657 0.021695 
   29 0.425473 0.420265 
   25 0.226225 0.207914 
   32 0.569171 0.567212 
   24 0.184005 0.160713 
   31 0.523921 0.523718 
   24 0.184005 0.182859 
   24 0.184005 0.154757 
   23 0.147072 0.142821 
   26 0.272857 0.249270 
   41 0.927066 0.858782 
   38 0.772310 0.751170 
   39 0.796119 0.780288 
   21 0.089822 0.086837 
   41 0.927066 0.877479 
   43 0.988331 0.978010 
   31 0.523921 0.506791 
   25 0.226225 0.221514 
   38 0.772310 0.767887 
   30 0.475792 0.450279 
   30 0.475792 0.464078 
   36 0.716974 0.711794 
   41 0.927066 0.845454 
   34 0.649736 0.613658 
   37 0.746010 0.720014 
   31 0.523921 0.478144 
   31 0.523921 0.494241 
   29 0.425473 0.381413 
   17 0.026657 0.023985 
   42 0.970826 0.935044 
   25 0.226225 0.214032 
   19 0.051530 0.045681 
   28 0.373977 0.355309 
   29 0.425473 0.421946 
   34 0.649736 0.612892 
   31 0.523921 0.516022 
   42 0.970826 0.945663 
   39 0.796119 0.795751 
   35 0.684956 0.670779 
   21 0.089822 0.088484 
   19 0.051530 0.045021 
   32 0.569171 0.529560 
   41 0.927066 0.839654 
   41 0.927066 0.825309 
   34 0.649736 0.616397 
   37 0.746010 0.717132 
   40 0.817665 0.803318 
   23 0.147072 0.123188 
   42 0.970826 0.938646 
   33 0.611155 0.571205 
   33 0.611155 0.573468 
   29 0.425473 0.402724 
   27 0.322608 0.282999 
   29 0.425473 0.418921 
   16 0.018059 0.016382 
   13 0.003903 0.003013 
   41 0.927066 0.897065 
   31 0.523921 0.510623 
   29 0.425473 0.384426 
   41 0.927066 0.921050 
   30 0.475792 0.445667 
   33 0.611155 0.598458 
   42 0.970826 0.966731 
   40 0.817665 0.800976 
   17 0.026657 0.020404 
   33 0.611155 0.579623 
   27 0.322608 0.316998 
   42 0.970826 0.966067 
   29 0.425473 0.375374 
   43 0.988331 0.987777 
   20 0.068672 0.054551 
   29 0.425473 0.420395 
   31 0.523921 0.517337 
   41 0.927066 0.894205 
   26 0.272857 0.245704 
   23 0.147072 0.133735 
   34 0.649736 0.611337 
   19 0.051530 0.049022 
   26 0.272857 0.256923 
   32 0.569171 0.549983 
   34 0.649736 0.620227 
   41 0.927066 0.830391 
   42 0.970826 0.952708 
   41 0.927066 0.903226 
   26 0.272857 0.249312 
   42 0.970826 0.969090 
   41 0.927066 0.906239 
   23 0.147072 0.146377 
   31 0.523921 0.479713 
   27 0.322608 0.290665 
   20 0.068672 0.067428 
   41 0.927066 0.925380 
   41 0.927066 0.889123 
   18 0.037697 0.034159 
   37 0.746010 0.726357 
   41 0.927066 0.909527 
   34 0.649736 0.613782 
   19 0.051530 0.043355 
   41 0.927066 0.875595 
   44 0.995332 0.989157 
   18 0.037697 0.031132 
   42 0.970826 0.930146 
   29 0.425473 0.409552 
   32 0.569171 0.548469 
   41 0.927066 0.824351 
   35 0.684956 0.655256 
   35 0.684956 0.682204 
   30 0.475792 0.435688 
   36 0.716974 0.704278 
   42 0.970826 0.939127 
   43 0.988331 0.985672 
   28 0.373977 0.324505 
   38 0.772310 0.769518 
   42 0.970826 0.938380 
   26 0.272857 0.227731 
   17 0.026657 0.018830 
   41 0.927066 0.907470 
   23 0.147072 0.133970 
   24 0.184005 0.165207 
   29 0.425473 0.387182 
   29 0.425473 0.424635 
   26 0.272857 0.232635 
   27 0.322608 0.312563 
   27 0.322608 0.313758 
   26 0.272857 0.266794 
   19 0.051530 0.038919 
   25 0.226225 0.223286 
   41 0.927066 0.880576 
   21 0.089822 0.082274 
   22 0.115750 0.098880 
   41 0.927066 0.869733 
   22 0.115750 0.113406 
   18 0.037697 0.029027 
   27 0.322608 0.279285 
   35 0.684956 0.661875 
   41 0.927066 0.853378 
   42 0.970826 0.934541 
   28 0.373977 0.344079 
   27 0.322608 0.289066 
   34 0.649736 0.638819 
   27 0.322608 0.283206 
   27 0.322608 0.274738 
   42 0.970826 0.963324 
   20 0.068672 0.052724 
   25 0.226225 0.213118 
   25 0.226225 0.191054 
   21 0.089822 0.071554 
   23 0.147072 0.120587 
   28 0.373977 0.325024 
   26 0.272857 0.236762 
   31 0.523921 0.507770 
   38 0.772310 0.749659 
   30 0.475792 0.469397 
   41 0.927066 0.820332 
   20 0.068672 0.063417 
   37 0.746010 0.736191 
   41 0.927066 0.859251 
   27 0.322608 0.286703 
   34 0.649736 0.616767 
   42 0.970826 0.941525 
   29 0.425473 0.385584 
   31 0.523921 0.486500 
   20 0.068672 0.054931 
   29 0.425473 0.414610 
   38 0.772310 0.765785 
   36 0.716974 0.716806 
   26 0.272857 0.267988 
   36 0.716974 0.700325 
   20 0.068672 0.060885 
   32 0.569171 0.557054 
   28 0.373977 0.339144 
   28 0.373977 0.344091 
   41 0.927066 0.831792 
   27 0.322608 0.302467 
   29 0.425473 0.396815 
   19 0.051530 0.044909 
   31 0.523921 0.493522 
   30 0.475792 0.468369 
   24 0.184005 0.165497 
   41 0.927066 0.818546 
   36 0.716974 0.705131 
   35 0.684956 0.673266 
   32 0.569171 0.568205 
   24 0.184005 0.174528 
   31 0.523921 0.493598 
   34 0.649736 0.631623 
   41 0.927066 0.910719 
   28 0.373977 0.352849 
   41 0.927066 0.918326 
   32 0.569171 0.527487 
   27 0.322608 0.294374 
   27 0.322608 0.303909 
   16 0.018059 0.013987 
   28 0.373977 0.349305 
   37 0.746010 0.718520 
   39 0.796119 0.779771 
   20 0.068672 0.066111 
   43 0.988331 0.986507 
   31 0.523921 0.480097 
   23 0.147072 0.126996 
   32 0.569171 0.543561 
   41 0.927066 0.819241 
   30 0.475792 0.471087 
   29 0.425473 0.375353 
   23 0.147072 0.121708 
   41 0.927066 0.867902 
   29 0.425473 0.420263 
   34 0.649736 0.615230 
   28 0.373977 0.336272 
   33 0.611155 0.585759 
   30 0.475792 0.433776 
   19 0.051530 0.041403 
   26 0.272857 0.259025 
   13 0.003903 0.001982 
   25 0.226225 0.215931 
   38 0.772310 0.752623 
   34 0.649736 0.633604 
   23 0.147072 0.126650 
   22 0.115750 0.105473 
   32 0.569171 0.551930 
   35 0.684956 0.654136 
   29 0.425473 0.399847 
   41 0.927066 0.855839 
   35 0.684956 0.668123 
   38 0.772310 0.749152 
   33 0.611155 0.574359 
   30 0.475792 0.447895 
   40 0.817665 0.815263 
   32 0.569171 0.560866 
   42 0.970826 0.927991 
   42 0.970826 0.942259 
   22 0.115750 0.104428 
   38 0.772310 0.747232 
   29 0.425473 0.413346 
   31 0.523921 0.479781 
   41 0.927066 0.868940 
   27 0.322608 0.281248 
   41 0.927066 0.900044 
   31 0.523921 0.484170 
   34 0.649736 0.617520 
   31 0.523921 0.485803 
   41 0.927066 0.917947 
   35 0.684956 0.658923 
   37 0.746010 0.744828 
   41 0.927066 0.919928 
   41 0.927066 0.874853 
   31 0.523921 0.497452 
   32 0.569171 0.553532 
   12 0.001965 0.001503 
   33 0.611155 0.602924 
   22 0.115750 0.105463 
   35 0.684956 0.655640 
   13 0.003903 0.002771 
   42 0.970826 0.961302 
   28 0.373977 0.323763 
   38 0.772310 0.751923 
   32 0.569171 0.535661 
   38 0.772310 0.771657 
   32 0.569171 0.567186 
   22 0.115750 0.096528 
   36 0.716974 0.699649 
   31 0.523921 0.509445 
   25 0.226225 0.200955 
   30 0.475792 0.446881 
   41 0.927066 0.922791 
   35 0.684956 0.680736 
   27 0.322608 0.315821 
   25 0.226225 0.204039 
   33 0.611155 0.580780 
   40 0.817665 0.799992 
   41 0.927066 0.821559 
   20 0.068672 0.066583 
   37 0.746010 0.717938 
   31 0.523921 0.480482 
   40 0.817665 0.811411 
   34 0.649736 0.637867 
   28 0.373977 0.355335 
   27 0.322608 0.308863 
   25 0.226225 0.191399 
   28 0.373977 0.356838 
   41 0.927066 0.911787 
   27 0.322608 0.296862 
   16 0.018059 0.012478 
   41 0.927066 0.914558 
   26 0.272857 0.258164 
   28 0.373977 0.336240 
   35 0.684956 0.666481 
   39 0.796119 0.793825 
   22 0.115750 0.107898 
   26 0.272857 0.233666 
   41 0.927066 0.890352 
   40 0.817665 0.807547 
   37 0.746010 0.743111 
   22 0.115750 0.091308 
   26 0.272857 0.254428 
   35 0.684956 0.665902 
   38 0.772310 0.772044 
   33 0.611155 0.570249 
   41 0.927066 0.869942 
   28 0.373977 0.352824 
   28 0.373977 0.370241 
   36 0.716974 0.691501 
   29 0.425473 0.419407 
   21 0.089822 0.088179 
   24 0.184005 0.171982 
   26 0.272857 0.230818 
   37 0.746010 0.726046 
   32 0.569171 0.527317 
   32 0.569171 0.539681 
   41 0.927066 0.917445 
   41 0.927066 0.884155 
   30 0.475792 0.451468 
   25 0.226225 0.214307 
   41 0.927066 0.896633 
   28 0.373977 0.366025 
   30 0.475792 0.472471 
   26 0.272857 0.232873 
   18 0.037697 0.032506 
   26 0.272857 0.266296 
   28 0.373977 0.340771 
   26 0.272857 0.266172 
   24 0.184005 0.156648 
   24 0.184005 0.148318 
   15 0.011610 0.009284 
   26 0.272857 0.247956 
   29 0.425473 0.402745 
   35 0.684956 0.675186 
   17 0.026657 0.020000 
   43 0.988331 0.972995 
   32 0.569171 0.545127 
   28 0.373977 0.372824 
   28 0.373977 0.343236 
   26 0.272857 0.236628 
   39 0.796119 0.792231 
   30 0.475792 0.431415 
   29 0.425473 0.408610 
   17 0.026657 0.023049 
   24 0.184005 0.157461 
   42 0.970826 0.935927 
   32 0.569171 0.562730 
   21 0.089822 0.074907 
   41 0.927066 0.820082 
   16 0.018059 0.014197 
   27 0.322608 0.289214 
   36 0.716974 0.716715 
   29 0.425473 0.380223 
   38 0.772310 0.761685 
   42 0.970826 0.949588 
   29 0.425473 0.412728 
   18 0.037697 0.027981 
   27 0.322608 0.290359 
   35 0.684956 0.678901 
   25 0.226225 0.184629 
   30 0.475792 0.438677 
   36 0.716974 0.688184 
   30 0.475792 0.432585 
   41 0.927066 0.841422 
   28 0.373977 0.363370 
   30 0.475792 0.452585 
   40 0.817665 0.814416 
   41 0.927066 0.908497 
   41 0.927066 0.825409 
   24 0.184005 0.157652 
   23 0.147072 0.145125 
   34 0.649736 0.617640 
   33 0.611155 0.589067 
   32 0.569171 0.553736 
   34 0.649736 0.640690 
   38 0.772310 0.746528 
   31 0.523921 0.489663 
   25 0.226225 0.203420 
   41 0.927066 0.821435 
   27 0.322608 0.309745 
   25 0.226225 0.217617 
   22 0.115750 0.110649 
   17 0.026657 0.026461 
   33 0.611155 0.597840 
   41 0.927066 0.872333 
   43 0.988331 0.976049 
   15 0.011610 0.010568 
   41 0.927066 0.900314 
   26 0.272857 0.266408 
   36 0.716974 0.689469 
   21 0.089822 0.084943 
   36 0.716974 0.705084 
   29 0.425473 0.377653 
   31 0.523921 0.517528 
   32 0.569171 0.546506 
   37 0.746010 0.741023 
   42 0.970826 0.970113 
   28 0.373977 0.360923 
   34 0.649736 0.649521 
   39 0.796119 0.795522 
   31 0.523921 0.518575 
   39 0.796119 0.794646 
   29 0.425473 0.413162 
   22 0.115750 0.107642 
   28 0.373977 0.348382 
   20 0.068672 0.053852 
   41 0.927066 0.854170 
   41 0.927066 0.838045 
   26 0.272857 0.257271 
   35 0.684956 0.675605 
   24 0.184005 0.147790 
   30 0.475792 0.474888 
   39 0.796119 0.786253 
   24 0.184005 0.174251 
   21 0.089822 0.072728 
   35 0.684956 0.658587 
   24 0.184005 0.150300 
   21 0.089822 0.083296 
   32 0.569171 0.558900 
   29 0.425473 0.416707 
   39 0.796119 0.772765 
   34 0.649736 0.643843 
   23 0.147072 0.121792 
   24 0.184005 0.150418 
   24 0.184005 0.161371 
   35 0.684956 0.668298 
   41 0.927066 0.891441 
   23 0.147072 0.131484 
   18 0.037697 0.029220 
   32 0.569171 0.540962 
   41 0.927066 0.927006 
   32 0.569171 0.547795 
   28 0.373977 0.335608 
   28 0.373977 0.340168 
   35 0.684956 0.655437 
   35 0.684956 0.683989 
   29 0.425473 0.394020 
   31 0.523921 0.509607 
   31 0.523921 0.522034 
   35 0.684956 0.651291 
   25 0.226225 0.185212 
   35 0.684956 0.669824 
   23 0.147072 0.126179 
   43 0.988331 0.971465 
   41 0.927066 0.844075 
   25 0.226225 0.198907 
   34 0.649736 0.630052 
   44 0.995332 0.994374 
   27 0.322608 0.282204 
   25 0.226225 0.188952 
   29 0.425473 0.411081 
   20 0.068672 0.054969 
   41 0.927066 0.832795 
   32 0.569171 0.532873 
   25 0.226225 0.205387 
   44 0.995332 0.994166 
   25 0.226225 0.201171 
   22 0.115750 0.096828 
   23 0.147072 0.125650 
   26 0.272857 0.230391 
   34 0.649736 0.637790 
   20 0.068672 0.052655 
   39 0.796119 0.778186 
   43 0.988331 0.973398 
   29 0.425473 0.392823 
   30 0.475792 0.433623 
   35 0.684956 0.657387 
   39 0.796119 0.786843 
   42 0.970826 0.943230 
   24 0.184005 0.179421 
   30 0.475792 0.438134 
   23 0.147072 0.128442 
   41 0.927066 0.849245 
   32 0.569171 0.564313 
   22 0.115750 0.099906 
   36 0.716974 0.693319 
   38 0.772310 0.763220 
   37 0.746010 0.729958 
   36 0.716974 0.687693 
   19 0.051530 0.045424 
   41 0.927066 0.918910 
   22 0.115750 0.098775 
   22 0.115750 0.100393 
   38 0.772310 0.751705 
   34 0.649736 0.631648 
   27 0.322608 0.305780 
   37 0.746010 0.745872 
   41 0.927066 0.832819 
   29 0.425473 0.402608 
   41 0.927066 0.871521 
   20 0.068672 0.063210 
   19 0.051530 0.040397 
   41 0.927066 0.924176 
   41 0.927066 0.841397 
   16 0.018059 0.013795 
   27 0.322608 0.316999 
   27 0.322608 0.275020 
   35 0.684956 0.671182 
   22 0.115750 0.103842 
   25 0.226225 0.218250 
   41 0.927066 0.850603 
   32 0.569171 0.541976 
   28 0.373977 0.346691 
   36 0.716974 0.699847 
   22 0.115750 0.106289 
   30 0.475792 0.446598 
   29 0.425473 0.393166 
   41 0.927066 0.869509 
   24 0.184005 0.176556 
   21 0.089822 0.080860 
   41 0.927066 0.914933 
   22 0.115750 0.095466 
   24 0.184005 0.179635 
   16 0.018059 0.015326 
   41 0.927066 0.847172 
   40 0.817665 0.811283 
   27 0.322608 0.321105 
   33 0.611155 0.593043 
   34 0.649736 0.644101 
   37 0.746010 0.723713 
   30 0.475792 0.464564 
   36 0.716974 0.707312 
   38 0.772310 0.764110 
   29 0.425473 0.388741 
   32 0.569171 0.548709 
   39 0.796119 0.777905 
   36 0.716974 0.705740 
   41 0.927066 0.823728 
   30 0.475792 0.449087 
   40 0.817665 0.809582 
   19 0.051530 0.041978 
   27 0.322608 0.299690 
   28 0.373977 0.351558 
   29 0.425473 0.388670 
   47 0.999701 0.999537 
   30 0.475792 0.457846 
   41 0.927066 0.835268 
   29 0.425473 0.392704 
   28 0.373977 0.327355 
   16 0.018059 0.011824 
   30 0.475792 0.473564 
   26 0.272857 0.242288 
   22 0.115750 0.107290 
   35 0.684956 0.653198 
   26 0.272857 0.257614 
   42 0.970826 0.954462 
   30 0.475792 0.464481 
   33 0.611155 0.578719 
   32 0.569171 0.547505 
   22 0.115750 0.108582 
   27 0.322608 0.302432 
   16 0.018059 0.012069 
   40 0.817665 0.815894 
   20 0.068672 0.066543 
   29 0.425473 0.400810 
   28 0.373977 0.364602 
   41 0.927066 0.844448 
   22 0.115750 0.106550 
   25 0.226225 0.188331 
   27 0.322608 0.293535 
   41 0.927066 0.916133 
   26 0.272857 0.230309 
   33 0.611155 0.593225 
   26 0.272857 0.267691 
   34 0.649736 0.618979 
   33 0.611155 0.592763 
   37 0.746010 0.725537 
   30 0.475792 0.454247 
   43 0.988331 0.985466 
   20 0.068672 0.052893 
   30 0.475792 0.466071 
   30 0.475792 0.459030 
   27 0.322608 0.295181 
   33 0.611155 0.573361 
   22 0.115750 0.112228 
   32 0.569171 0.552795 
   32 0.569171 0.527823 
   33 0.611155 0.576709 
   23 0.147072 0.131514 
   21 0.089822 0.075328 
   36 0.716974 0.685291 
   30 0.475792 0.433947 
   21 0.089822 0.087397 
   31 0.523921 0.501185 
   31 0.523921 0.500489 
   31 0.523921 0.488207 
   41 0.927066 0.865788 
   28 0.373977 0.344937 
   33 0.611155 0.594758 
   20 0.068672 0.054119 
   34 0.649736 0.638473 
   31 0.523921 0.510891 
   27 0.322608 0.284428 
   26 0.272857 0.231698 
   39 0.796119 0.778581 
   41 0.927066 0.903407 
   41 0.927066 0.824461 
   31 0.523921 0.504118 
   28 0.373977 0.357655 
   40 0.817665 0.809927 
   32 0.569171 0.557011 
   41 0.927066 0.823726 
   26 0.272857 0.268957 
   41 0.927066 0.852192 
   29 0.425473 0.397087 
   29 0.425473 0.381186 
   29 0.425473 0.404987 
   41 0.927066 0.924910 
   42 0.970826 0.957894 
   32 0.569171 0.536501 
   10 0.000314 0.000238 
   34 0.649736 0.643185 
   42 0.970826 0.970448 
   21 0.089822 0.087635 
   23 0.147072 0.144371 
   30 0.475792 0.470937 
   33 0.611155 0.575843 
   15 0.011610 0.010158 
   40 0.817665 0.815874 
   24 0.184005 0.170600 
   20 0.068672 0.064277 
   30 0.475792 0.454347 
   35 0.684956 0.681491 
   28 0.373977 0.348705 
   36 0.716974 0.686045 
   30 0.475792 0.460072 
   26 0.272857 0.252112 
   31 0.523921 0.510506 
   42 0.970826 0.964191 
   33 0.611155 0.609766 
   27 0.322608 0.320434 
   31 0.523921 0.521202 
   30 0.475792 0.433492 
   33 0.611155 0.589391 
   28 0.373977 0.373394 
   41 0.927066 0.830579 
   42 0.970826 0.970577 
   39 0.796119 0.778381 
   38 0.772310 0.755489 
   42 0.970826 0.928471 
   27 0.322608 0.314882 
   38 0.772310 0.755727 
   33 0.611155 0.571657 
   27 0.322608 0.285330 
   41 0.927066 0.843362 
   36 0.716974 0.716027 
   38 0.772310 0.756267 
   29 0.425473 0.419205 
   37 0.746010 0.726185 
   33 0.611155 0.572142 
   33 0.611155 0.589805 
   39 0.796119 0.790462 
   17 0.026657 0.026489 
   26 0.272857 0.271297 
   23 0.147072 0.139166 
   36 0.716974 0.712534 
   37 0.746010 0.731369 
   29 0.425473 0.391278 
   25 0.226225 0.223041 
   36 0.716974 0.695560 
   12 0.001965 0.001045 
   32 0.569171 0.543475 
   25 0.226225 0.216762 
   30 0.475792 0.434537 
   23 0.147072 0.132866 
   33 0.611155 0.590156 
   26 0.272857 0.265116 
   22 0.115750 0.103443 
   28 0.373977 0.368536 
   17 0.026657 0.020605 
   18 0.037697 0.031914 
   35 0.684956 0.683419 
   39 0.796119 0.776332 
   33 0.611155 0.603570 
   42 0.970826 0.968749 
   34 0.649736 0.619695 
   27 0.322608 0.319597 
   37 0.746010 0.725016 
   19 0.051530 0.038900 
   19 0.051530 0.045782 
   27 0.322608 0.297158 
   34 0.649736 0.628705 
   41 0.927066 0.836244 
   28 0.373977 0.323647 
   41 0.927066 0.900002 
   43 0.988331 0.975411 
   18 0.037697 0.036181 
   34 0.649736 0.631371 
   28 0.373977 0.366689 
   26 0.272857 0.259222 
   28 0.373977 0.326931 
   28 0.373977 0.367734 
   40 0.817665 0.802696 
   32 0.569171 0.543692 
   40 0.817665 0.802270 
   42 0.970826 0.935562 
   23 0.147072 0.133848 
   20 0.068672 0.067387 
   19 0.051530 0.039004 
   31 0.523921 0.502384 
   21 0.089822 0.087992 
   21 0.089822 0.070918 
   25 0.226225 0.185803 
   41 0.927066 0.864324 
   35 0.684956 0.674488 
   24 0.184005 0.154551 
   31 0.523921 0.484019 
   44 0.995332 0.994086 
   41 0.927066 0.879567 
   31 0.523921 0.522919 
   19 0.051530 0.039868 
   24 0.184005 0.176725 
   24 0.184005 0.151624 
   41 0.927066 0.876112 
   31 0.523921 0.500372 
   20 0.068672 0.051626 
   41 0.927066 0.851523 
   32 0.569171 0.536552 
   35 0.684956 0.682997 
   25 0.226225 0.218211 
   39 0.796119 0.795774 
   15 0.011610 0.009927 
   33 0.611155 0.585945 
   33 0.611155 0.598470 
   32 0.569171 0.553620 
   29 0.425473 0.388215 
   32 0.569171 0.534032 
   36 0.716974 0.687468 
   30 0.475792 0.455602 
   33 0.611155 0.573037 
   25 0.226225 0.189852 
   32 0.569171 0.543594 
   34 0.649736 0.643955 
   29 0.425473 0.375655 
   29 0.425473 0.407918 
   27 0.322608 0.318443 
   32 0.569171 0.530206 
   41 0.927066 0.891938 
   27 0.322608 0.312529 
   29 0.425473 0.409773 
   29 0.425473 0.414857 
   28 0.373977 0.352397 
   33 0.611155 0.586498 
   32 0.569171 0.566481 
   26 0.272857 0.228509 
   21 0.089822 0.086870 
   34 0.649736 0.618107 
   21 0.089822 0.080031 
   34 0.649736 0.623422 
   27 0.322608 0.301104 
   27 0.322608 0.298243 
   29 0.425473 0.419196 
   27 0.322608 0.311031 
   41 0.927066 0.884188 
   16 0.018059 0.017667 
   41 0.927066 0.864651 
   26 0.272857 0.272403 
   32 0.569171 0.551699 
   32 0.569171 0.552119 
   37 0.746010 0.728005 
   23 0.147072 0.124735 
   37 0.746010 0.741971 
   26 0.272857 0.271599 
   38 0.772310 0.768690 
   23 0.147072 0.117625 
   35 0.684956 0.679518 
   21 0.089822 0.087133 
   34 0.649736 0.647831 
   33 0.611155 0.571455 
   29 0.425473 0.399662 
   20 0.068672 0.057605 
   43 0.988331 0.986312 
   38 0.772310 0.752058 
   34 0.649736 0.644103 
   32 0.569171 0.552793 
   43 0.988331 0.980567 
   37 0.746010 0.730973 
   24 0.184005 0.170900 
   20 0.068672 0.060598 
   28 0.373977 0.354396 
   30 0.475792 0.472004 
   28 0.373977 0.358841 
   39 0.796119 0.773592 
   39 0.796119 0.783035 
   26 0.272857 0.243028 
   39 0.796119 0.791259 
   34 0.649736 0.647687 
   31 0.523921 0.515432 
   28 0.373977 0.342957 
   25 0.226225 0.199805 
   26 0.272857 0.243437 
   30 0.475792 0.467693 
   42 0.970826 0.941776 
   31 0.523921 0.515036 
   26 0.272857 0.236383 
   20 0.068672 0.059402 
   25 0.226225 0.194554 
   28 0.373977 0.323516 
   36 0.716974 0.707233 
   38 0.772310 0.766009 
   37 0.746010 0.723178 
   38 0.772310 0.764838 
   38 0.772310 0.752321 
   30 0.475792 0.475236 
   29 0.425473 0.408941 
   27 0.322608 0.305113 
   30 0.475792 0.455803 
   23 0.147072 0.139914 
   31 0.523921 0.476013 
   31 0.523921 0.516401 
   31 0.523921 0.494310 
   42 0.970826 0.948017 
   41 0.927066 0.875241 
   26 0.272857 0.267902 
   37 0.746010 0.731053 
   23 0.147072 0.118270 
   20 0.068672 0.059160 
   29 0.425473 0.378739 
   34 0.649736 0.633701 
   29 0.425473 0.402118 
   33 0.611155 0.578545 
   41 0.927066 0.877138 
   41 0.927066 0.869810 
   31 0.523921 0.520321 
   29 0.425473 0.392174 
   22 0.115750 0.106193 
   33 0.611155 0.579723 
   33 0.611155 0.586728 
   30 0.475792 0.429709 
   27 0.322608 0.286956 
   28 0.373977 0.352737 
   24 0.184005 0.152887 
   20 0.068672 0.051793 
   22 0.115750 0.105057 
   34 0.649736 0.628123 
   30 0.475792 0.460734 
   29 0.425473 0.410171 
   21 0.089822 0.083925 
   33 0.611155 0.600648 
   41 0.927066 0.886184 
   33 0.611155 0.600326 
   22 0.115750 0.094958 
   41 0.927066 0.834201 
   30 0.475792 0.475567 
   28 0.373977 0.362859 
   32 0.569171 0.565254 
   33 0.611155 0.593837 
   29 0.425473 0.422019 
   42 0.970826 0.943993 
   26 0.272857 0.227538 
   41 0.927066 0.824137 
   31 0.523921 0.522538 
   22 0.115750 0.104677 
   36 0.716974 0.693947 
   19 0.051530 0.042859 
   31 0.523921 0.496851 
   40 0.817665 0.800141 
   34 0.649736 0.622582 
   21 0.089822 0.083579 
   26 0.272857 0.229850 
   41 0.927066 0.909537 
   30 0.475792 0.436316 
   29 0.425473 0.382737 
   42 0.970826 0.961331 
   32 0.569171 0.541373 
   15 0.011610 0.010860 
   29 0.425473 0.422065 
   42 0.970826 0.951544 
   22 0.115750 0.094785 
   17 0.026657 0.022713 
   41 0.927066 0.837728 
   36 0.716974 0.695111 
   23 0.147072 0.117671 
   35 0.684956 0.671929 
   24 0.184005 0.170678 
   31 0.523921 0.480530 
   26 0.272857 0.237183 
   38 0.772310 0.764515 
   41 0.927066 0.902550 
   24 0.184005 0.181177 
   44 0.995332 0.992053 
   37 0.746010 0.726687 
   36 0.716974 0.703715 
   22 0.115750 0.096730 
   29 0.425473 0.420634 
   38 0.772310 0.746574 
   33 0.611155 0.593581 
   25 0.226225 0.220775 
   28 0.373977 0.369156 
   35 0.684956 0.677160 
   30 0.475792 0.450625 
   27 0.322608 0.278693 
   22 0.115750 0.113475 
   41 0.927066 0.833362 
   26 0.272857 0.240024 
   35 0.684956 0.654848 
   41 0.927066 0.844222 
   35 0.684956 0.662089 
   33 0.611155 0.606392 
   42 0.970826 0.939007 
   35 0.684956 0.684802 
   30 0.475792 0.444120 
   34 0.649736 0.634117 
   40 0.817665 0.802473 
   23 0.147072 0.116049 
   40 0.817665 0.804795 
   27 0.322608 0.283003 
   28 0.373977 0.353232 
   33 0.611155 0.569310 
   25 0.226225 0.185553 
   32 0.569171 0.534409 
   32 0.569171 0.561363 
   41 0.927066 0.912240 
   26 0.272857 0.238123 
   35 0.684956 0.658093 
   28 0.373977 0.332874 
   43 0.988331 0.984698 
   26 0.272857 0.251674 
   32 0.569171 0.553649 
   28 0.373977 0.353854 
   42 0.970826 0.928834 
   14 0.007004 0.004274 
   34 0.649736 0.632547 
   19 0.051530 0.042309 
