   Var1 Freq
1    -1  602
2     3    1
3   113    1
4   165    1
5   256    1
6   364    1
7   425    1
8   485    1
9   593    1
10  642    1
11  731    1
12  786    1
13  892    1
14  959    1
15 1050    1
16 1151    1
17 1213    1
18 1257    1
19 1362    1
20 1419    1
21 1522    1
22 1589    1
23 1695    1
24 1744    1
25 1835    1
26 1924    1
27 1981    1
28 2039    1
29 2139    1
30 2190    1
31 2282    1
32 2342    1
33 2447    1
34 2506    1
35 2602    1
36 2691    1
37 2759    1
38 2816    1
39 2930    1
40 2992    1
41 3097    1
42 3153    1
43 3254    1
44 3317    1
45 3411    1
46 3518    1
47 3578    1
48 3627    1
49 3744    1
50 3802    1
51 3897    1
52 3967    1
53 4070    1
54 4135    1
55 4214    1
56 4310    1
57 4371    1
58 4420    1
59 4534    1
60 4599    1
61 4706    1
62 4769    1
63 4867    1
64 4916    1
65 4993    1
66 5106    1
67 5168    1
68 5215    1
69 5315    1
70 5374    1
71 5484    1
72 5545    1
73 5638    1
74 5701    1
75 5780    1
76 5887    1
77 5936    1
78 5991    1
79 6104    1
80 6153    1
81 6260    1
82 6320    1
83 6425    1
84 6482    1
85 6561    1
86 6652    1
87 6707    1
88 6756    1
89 6868    1
90 6917    1
91 7010    1
92 7076    1
 [1] -1   3    113  165  256  364  425  485  593  642  731  786  892  959  1050
[16] 1151 1213 1257 1362 1419 1522 1589 1695 1744 1835 1924 1981 2039 2139 2190
[31] 2282 2342 2447 2506 2602 2691 2759 2816 2930 2992 3097 3153 3254 3317 3411
[46] 3518 3578 3627 3744 3802 3897 3967 4070 4135 4214 4310 4371 4420 4534 4599
[61] 4706 4769 4867 4916 4993 5106 5168 5215 5315 5374 5484 5545 5638 5701 5780
[76] 5887 5936 5991 6104 6153 6260 6320 6425 6482 6561 6652 6707 6756 6868 6917
[91] 7010 7076
92 Levels: -1 3 113 165 256 364 425 485 593 642 731 786 892 959 1050 ... 7076
 [1] 0.868686869 0.001443001 0.001443001 0.001443001 0.001443001 0.001443001
 [7] 0.001443001 0.001443001 0.001443001 0.001443001 0.001443001 0.001443001
[13] 0.001443001 0.001443001 0.001443001 0.001443001 0.001443001 0.001443001
[19] 0.001443001 0.001443001 0.001443001 0.001443001 0.001443001 0.001443001
[25] 0.001443001 0.001443001 0.001443001 0.001443001 0.001443001 0.001443001
[31] 0.001443001 0.001443001 0.001443001 0.001443001 0.001443001 0.001443001
[37] 0.001443001 0.001443001 0.001443001 0.001443001 0.001443001 0.001443001
[43] 0.001443001 0.001443001 0.001443001 0.001443001 0.001443001 0.001443001
[49] 0.001443001 0.001443001 0.001443001 0.001443001 0.001443001 0.001443001
[55] 0.001443001 0.001443001 0.001443001 0.001443001 0.001443001 0.001443001
[61] 0.001443001 0.001443001 0.001443001 0.001443001 0.001443001 0.001443001
[67] 0.001443001 0.001443001 0.001443001 0.001443001 0.001443001 0.001443001
[73] 0.001443001 0.001443001 0.001443001 0.001443001 0.001443001 0.001443001
[79] 0.001443001 0.001443001 0.001443001 0.001443001 0.001443001 0.001443001
[85] 0.001443001 0.001443001 0.001443001 0.001443001 0.001443001 0.001443001
[91] 0.001443001 0.001443001
