   Var1 Freq
1     0   87
2     1   29
3     2   38
4     3   23
5     4   24
6     5   29
7     6   17
8     7   22
9     8   12
10    9   12
11   10   12
12   11    8
13   12   11
14   13   11
15   14   11
16   15    6
17   16    8
18   17    6
19   18    6
20   19    7
21   20    1
22   21    1
23   22    3
24   23    1
25   25    1
26   26    2
 [1] 1  2  3  4  5  6  7  8  9  10 11 12 13 14 15 16 17 18 19 20 21 22 23 25 26
26 Levels: 0 1 2 3 4 5 6 7 8 9 10 11 12 13 14 15 16 17 18 19 20 21 22 23 ... 26
 [1] 29 38 23 24 29 17 22 12 12 12  8 11 11 11  6  8  6  6  7  1  1  3  1  1  2
 [1] "0"  "1"  "2"  "3"  "4"  "5"  "6"  "7"  "8"  "9"  "10" "11" "12" "13" "14"
[16] "15" "16" "17" "18" "19" "20" "21" "22" "23" "25" "26"
 [1] 87 29 38 23 24 29 17 22 12 12 12  8 11 11 11  6  8  6  6  7  1  1  3  1  1
[26]  2
 [1] 0.224226804 0.074742268 0.097938144 0.059278351 0.061855670 0.074742268
 [7] 0.043814433 0.056701031 0.030927835 0.030927835 0.030927835 0.020618557
[13] 0.028350515 0.028350515 0.028350515 0.015463918 0.020618557 0.015463918
[19] 0.015463918 0.018041237 0.002577320 0.002577320 0.007731959 0.002577320
[25] 0.002577320 0.005154639
