   Var1 Freq
1     0   76
2     1   47
3     2   36
4     3   31
5     4   28
6     5   26
7     6   16
8     7   23
9     8   19
10    9   18
11   10    5
12   11   12
13   12    7
14   13   10
15   14    8
16   15    4
17   16    6
18   17    6
19   18    6
20   20    1
21   21    4
22   22    1
23   25    1
24   26    1
25   27    1
26   29    1
27   37    1
 [1] 0  1  2  3  4  5  6  7  8  9  10 11 12 13 14 15 16 17 18 20 21 22 25 26 27
[26] 29 37
27 Levels: 0 1 2 3 4 5 6 7 8 9 10 11 12 13 14 15 16 17 18 20 21 22 25 26 ... 37
 [1] 0.192405063 0.118987342 0.091139241 0.078481013 0.070886076 0.065822785
 [7] 0.040506329 0.058227848 0.048101266 0.045569620 0.012658228 0.030379747
[13] 0.017721519 0.025316456 0.020253165 0.010126582 0.015189873 0.015189873
[19] 0.015189873 0.002531646 0.010126582 0.002531646 0.002531646 0.002531646
[25] 0.002531646 0.002531646 0.002531646
