    Var1 Freq
1      0   25
2      1   13
3      2   12
4      3   24
5      4   21
6      5   16
7      6   15
8      7   10
9      8   19
10     9   17
11    10   19
12    11   32
13    12   12
14    13   22
15    14   26
16    15   27
17    16   21
18    17   29
19    18   30
20    19   24
21    20   30
22    21   37
23    22   29
24    23   22
25    24   26
26    25   29
27    26   14
28    27   25
29    28   27
30    29   26
31    30   22
32    31   15
33    32   26
34    33   29
35    34   23
36    35   25
37    36   19
38    37   23
39    38   18
40    39   24
41    40   23
42    41   18
43    42   25
44    43   32
45    44   26
46    45   29
47    46   26
48    47   27
49    48   25
50    49   16
51    50   21
52    51   20
53    52   16
54    53   22
55    54   19
56    55   21
57    56   18
58    57   22
59    58   20
60    59   15
61    60   16
62    61   30
63    62   21
64    63   20
65    64   24
66    65   21
67    66   22
68    67   17
69    68   20
70    69   20
71    70   21
72    71   14
73    72   21
74    73   11
75    74   12
76    75   20
77    76   17
78    77    9
79    78   12
80    79   13
81    80   13
82    81   13
83    82   15
84    83   10
85    84   12
86    85   13
87    86   13
88    87   13
89    88   10
90    89   16
91    90   11
92    91   15
93    92   13
94    93   11
95    94   11
96    95   13
97    96   14
98    97    8
99    98   13
100   99   10
101  100   17
102  101   13
103  102    8
104  103    8
105  104    4
106  105    5
107  106   10
108  107   17
109  108   11
110  109   10
111  110   15
112  111   13
113  112    9
114  113   14
115  114    6
116  115    7
117  116   13
118  117   14
119  118   16
120  119   13
121  120    8
122  121   15
123  122   13
124  123   11
125  124   10
126  125    7
127  126   12
128  127    9
129  128   13
130  129   12
131  130   12
132  131   16
133  132    9
134  133   13
135  134   14
136  135    8
137  136    9
138  137   12
139  138    6
140  139    9
141  140   13
142  141   15
143  142    9
144  143   10
145  144    8
146  145    7
147  146   11
148  147   12
149  148   12
150  149   13
151  150   16
152  151   13
153  152    7
154  153   12
155  154    9
156  155    3
157  156   13
158  157   19
159  158    7
160  159    9
161  160    8
162  161    8
163  162    7
164  163    9
165  164    7
166  165   13
167  166    7
168  167   10
169  168    4
170  169   12
171  170    7
172  171    8
173  172    7
174  173    7
175  174    8
176  175    6
177  176    7
178  177    8
179  178    7
180  179    8
181  180    6
182  181   10
183  182    7
184  183    7
185  184    5
186  185   11
187  186    8
188  187   10
189  188   10
190  189    3
191  190    7
192  191    3
193  192    7
194  193    6
195  194    4
196  195    8
197  196    6
198  197    3
199  198    2
200  199    4
201  200    5
202  201    8
203  202    3
204  203    2
205  204    6
206  205    5
207  206    9
208  207    6
209  208    8
210  209    5
211  210    8
212  211    9
213  212    4
214  213   10
215  214    5
216  215    5
217  216    6
218  217    5
219  218    6
220  219    2
221  220    3
222  221    7
223  222    5
224  223    2
225  224    4
226  225    2
227  226    2
228  227    3
229  228    4
230  230    1
231  231    5
232  232    3
233  233    2
234  234    4
235  235    1
236  237    1
237  238    2
238  239    4
239  240    1
240  241    5
241  242    2
242  243    4
243  244    2
244  245    1
245  246    3
246  247    2
247  248    1
248  250    4
249  252    2
250  253    6
251  254    7
252  255    3
253  256    1
254  257    5
255  258    1
256  259    3
257  260    3
258  261    2
259  262    4
260  263    2
261  264    2
262  265    2
263  266    3
264  267    2
265  268    1
266  269    2
267  272    2
268  273    1
269  274    3
270  275    1
271  276    2
272  277    2
273  278    2
274  279    3
275  281    1
276  282    1
277  284    1
278  286    1
279  287    1
280  288    2
281  289    2
282  291    2
283  292    2
284  293    1
285  295    1
286  296    1
287  297    2
288  299    1
289  302    1
  [1] 0   1   2   3   4   5   6   7   8   9   10  11  12  13  14  15  16  17 
 [19] 18  19  20  21  22  23  24  25  26  27  28  29  30  31  32  33  34  35 
 [37] 36  37  38  39  40  41  42  43  44  45  46  47  48  49  50  51  52  53 
 [55] 54  55  56  57  58  59  60  61  62  63  64  65  66  67  68  69  70  71 
 [73] 72  73  74  75  76  77  78  79  80  81  82  83  84  85  86  87  88  89 
 [91] 90  91  92  93  94  95  96  97  98  99  100 101 102 103 104 105 106 107
[109] 108 109 110 111 112 113 114 115 116 117 118 119 120 121 122 123 124 125
[127] 126 127 128 129 130 131 132 133 134 135 136 137 138 139 140 141 142 143
[145] 144 145 146 147 148 149 150 151 152 153 154 155 156 157 158 159 160 161
[163] 162 163 164 165 166 167 168 169 170 171 172 173 174 175 176 177 178 179
[181] 180 181 182 183 184 185 186 187 188 189 190 191 192 193 194 195 196 197
[199] 198 199 200 201 202 203 204 205 206 207 208 209 210 211 212 213 214 215
[217] 216 217 218 219 220 221 222 223 224 225 226 227 228 230 231 232 233 234
[235] 235 237 238 239 240 241 242 243 244 245 246 247 248 250 252 253 254 255
[253] 256 257 258 259 260 261 262 263 264 265 266 267 268 269 272 273 274 275
[271] 276 277 278 279 281 282 284 286 287 288 289 291 292 293 295 296 297 299
[289] 302
289 Levels: 0 1 2 3 4 5 6 7 8 9 10 11 12 13 14 15 16 17 18 19 20 21 22 23 ... 302
  [1] 0.0078616352 0.0040880503 0.0037735849 0.0075471698 0.0066037736
  [6] 0.0050314465 0.0047169811 0.0031446541 0.0059748428 0.0053459119
 [11] 0.0059748428 0.0100628931 0.0037735849 0.0069182390 0.0081761006
 [16] 0.0084905660 0.0066037736 0.0091194969 0.0094339623 0.0075471698
 [21] 0.0094339623 0.0116352201 0.0091194969 0.0069182390 0.0081761006
 [26] 0.0091194969 0.0044025157 0.0078616352 0.0084905660 0.0081761006
 [31] 0.0069182390 0.0047169811 0.0081761006 0.0091194969 0.0072327044
 [36] 0.0078616352 0.0059748428 0.0072327044 0.0056603774 0.0075471698
 [41] 0.0072327044 0.0056603774 0.0078616352 0.0100628931 0.0081761006
 [46] 0.0091194969 0.0081761006 0.0084905660 0.0078616352 0.0050314465
 [51] 0.0066037736 0.0062893082 0.0050314465 0.0069182390 0.0059748428
 [56] 0.0066037736 0.0056603774 0.0069182390 0.0062893082 0.0047169811
 [61] 0.0050314465 0.0094339623 0.0066037736 0.0062893082 0.0075471698
 [66] 0.0066037736 0.0069182390 0.0053459119 0.0062893082 0.0062893082
 [71] 0.0066037736 0.0044025157 0.0066037736 0.0034591195 0.0037735849
 [76] 0.0062893082 0.0053459119 0.0028301887 0.0037735849 0.0040880503
 [81] 0.0040880503 0.0040880503 0.0047169811 0.0031446541 0.0037735849
 [86] 0.0040880503 0.0040880503 0.0040880503 0.0031446541 0.0050314465
 [91] 0.0034591195 0.0047169811 0.0040880503 0.0034591195 0.0034591195
 [96] 0.0040880503 0.0044025157 0.0025157233 0.0040880503 0.0031446541
[101] 0.0053459119 0.0040880503 0.0025157233 0.0025157233 0.0012578616
[106] 0.0015723270 0.0031446541 0.0053459119 0.0034591195 0.0031446541
[111] 0.0047169811 0.0040880503 0.0028301887 0.0044025157 0.0018867925
[116] 0.0022012579 0.0040880503 0.0044025157 0.0050314465 0.0040880503
[121] 0.0025157233 0.0047169811 0.0040880503 0.0034591195 0.0031446541
[126] 0.0022012579 0.0037735849 0.0028301887 0.0040880503 0.0037735849
[131] 0.0037735849 0.0050314465 0.0028301887 0.0040880503 0.0044025157
[136] 0.0025157233 0.0028301887 0.0037735849 0.0018867925 0.0028301887
[141] 0.0040880503 0.0047169811 0.0028301887 0.0031446541 0.0025157233
[146] 0.0022012579 0.0034591195 0.0037735849 0.0037735849 0.0040880503
[151] 0.0050314465 0.0040880503 0.0022012579 0.0037735849 0.0028301887
[156] 0.0009433962 0.0040880503 0.0059748428 0.0022012579 0.0028301887
[161] 0.0025157233 0.0025157233 0.0022012579 0.0028301887 0.0022012579
[166] 0.0040880503 0.0022012579 0.0031446541 0.0012578616 0.0037735849
[171] 0.0022012579 0.0025157233 0.0022012579 0.0022012579 0.0025157233
[176] 0.0018867925 0.0022012579 0.0025157233 0.0022012579 0.0025157233
[181] 0.0018867925 0.0031446541 0.0022012579 0.0022012579 0.0015723270
[186] 0.0034591195 0.0025157233 0.0031446541 0.0031446541 0.0009433962
[191] 0.0022012579 0.0009433962 0.0022012579 0.0018867925 0.0012578616
[196] 0.0025157233 0.0018867925 0.0009433962 0.0006289308 0.0012578616
[201] 0.0015723270 0.0025157233 0.0009433962 0.0006289308 0.0018867925
[206] 0.0015723270 0.0028301887 0.0018867925 0.0025157233 0.0015723270
[211] 0.0025157233 0.0028301887 0.0012578616 0.0031446541 0.0015723270
[216] 0.0015723270 0.0018867925 0.0015723270 0.0018867925 0.0006289308
[221] 0.0009433962 0.0022012579 0.0015723270 0.0006289308 0.0012578616
[226] 0.0006289308 0.0006289308 0.0009433962 0.0012578616 0.0003144654
[231] 0.0015723270 0.0009433962 0.0006289308 0.0012578616 0.0003144654
[236] 0.0003144654 0.0006289308 0.0012578616 0.0003144654 0.0015723270
[241] 0.0006289308 0.0012578616 0.0006289308 0.0003144654 0.0009433962
[246] 0.0006289308 0.0003144654 0.0012578616 0.0006289308 0.0018867925
[251] 0.0022012579 0.0009433962 0.0003144654 0.0015723270 0.0003144654
[256] 0.0009433962 0.0009433962 0.0006289308 0.0012578616 0.0006289308
[261] 0.0006289308 0.0006289308 0.0009433962 0.0006289308 0.0003144654
[266] 0.0006289308 0.0006289308 0.0003144654 0.0009433962 0.0003144654
[271] 0.0006289308 0.0006289308 0.0006289308 0.0009433962 0.0003144654
[276] 0.0003144654 0.0003144654 0.0003144654 0.0003144654 0.0006289308
[281] 0.0006289308 0.0006289308 0.0006289308 0.0003144654 0.0003144654
[286] 0.0003144654 0.0006289308 0.0003144654 0.0003144654
