   Var1 Freq
1     0  100
2     1   53
3     2   42
4     3   34
5     4   17
6     5   28
7     6   14
8     7   17
9     8   14
10    9    7
11   10   14
12   11    9
13   12    6
14   13    4
15   14    5
16   15    2
17   16    1
18   17    1
19   19    2
20   20    1
 [1] 0  1  2  3  4  5  6  7  8  9  10 11 12 13 14 15 16 17 19 20
Levels: 0 1 2 3 4 5 6 7 8 9 10 11 12 13 14 15 16 17 19 20
 [1] 0.269541779 0.142857143 0.113207547 0.091644205 0.045822102 0.075471698
 [7] 0.037735849 0.045822102 0.037735849 0.018867925 0.037735849 0.024258760
[13] 0.016172507 0.010781671 0.013477089 0.005390836 0.002695418 0.002695418
[19] 0.005390836 0.002695418
