   Var1 Freq
1    -1  601
2     0   11
3     1    5
4     2    7
5     3   13
6     4    9
7     5    4
8     6    9
9     7   10
10    8    6
11    9   10
12   10   17
13   11    8
14   12   14
15   13    7
16   14   15
17   15    7
18   16   10
19   17    8
20   18    9
21   19   12
22   20    7
23   21   14
24   22    8
25   23   12
26   24   11
27   25    8
28   26   11
29   27    6
30   28    6
31   29   11
32   30   11
33   31    7
34   32    9
35   33    6
36   34   10
37   35    5
38   36    6
39   37    5
40   38    5
41   39    3
42   40    6
43   41    5
44   42    4
45   43    3
46   44    3
47   45    2
48   46    2
49   47    1
50   48    3
51   49    2
52   50    1
53   51    1
54   53    3
55   56    1
56   58    2
57   59    2
58   64    2
59   65    2
60   67    1
61   68    1
 [1] 0  1  2  3  4  5  6  7  8  9  10 11 12 13 14 15 16 17 18 19 20 21 22 23 24
[26] 25 26 27 28 29 30 31 32 33 34 35 36 37 38 39 40 41 42 43 44 45 46 47 48 49
[51] 50 51 53 56 58 59 64 65 67 68
61 Levels: -1 0 1 2 3 4 5 6 7 8 9 10 11 12 13 14 15 16 17 18 19 20 21 22 ... 68
 [1]  2  3  4  5  6  7  8  9 10 11 12 13 14 15 16 17 18 19 20 21 22 23 24 25 26
[26] 27 28 29 30 31 32 33 34 35 36 37 38 39 40 41 42 43 44 45 46 47 48 49 50 51
[51] 52 53 54 55 56 57 58 59 60 61
 [1] 11  5  7 13  9  4  9 10  6 10 17  8 14  7 15  7 10  8  9 12  7 14  8 12 11
[26]  8 11  6  6 11 11  7  9  6 10  5  6  5  5  3  6  5  4  3  3  2  2  1  3  2
[51]  1  1  3  1  2  2  2  2  1  1
 [1] 11  5  7 13  9  4  9 10  6 10 17  8 14  7 15  7 10  8  9 12  7 14  8 12 11
[26]  8 11  6  6 11 11  7  9  6 10  5  6  5  5  3  6  5  4  3  3  2  2  1  3  2
[51]  1  1  3  1  2  2  2  2  1  1
