   Var1 Freq
1     0   15
2     1    5
3     2    5
4     3    8
5     4    2
6     5    2
7     6    8
8     7    6
9     8    2
10    9    6
11   10    8
12   11    7
13   12    9
14   13    7
15   14   10
16   15   10
17   16   10
18   17    4
19   18    5
20   19    7
21   20   11
22   21   14
23   22    4
24   23    3
25   24    9
26   25   10
27   26    6
28   27    8
29   28    4
30   29    4
31   30    5
32   31    4
33   32    6
34   33    5
35   34    1
36   35    8
37   36    6
38   37    4
39   38    6
40   39    4
41   40    6
42   41    3
43   42    6
44   43    5
45   44    4
46   45    4
47   46    2
48   48    2
49   49    1
50   50    2
51   51    2
52   52    1
53   53    4
54   54    2
55   57    2
56   58    1
57   59    1
58   60    1
59   63    2
60   64    1
61   65    1
62   66    1
63   67    3
64   68    2
65   70    2
66   73    1
67   76    1
68   79    1
69   81    1
70   82    1
 [1] 0  1  2  3  4  5  6  7  8  9  10 11 12 13 14 15 16 17 18 19 20 21 22 23 24
[26] 25 26 27 28 29 30 31 32 33 34 35 36 37 38 39 40 41 42 43 44 45 46 48 49 50
[51] 51 52 53 54 57 58 59 60 63 64 65 66 67 68 70 73 76 79 81 82
70 Levels: 0 1 2 3 4 5 6 7 8 9 10 11 12 13 14 15 16 17 18 19 20 21 22 23 ... 82
 [1] 0.046296296 0.015432099 0.015432099 0.024691358 0.006172840 0.006172840
 [7] 0.024691358 0.018518519 0.006172840 0.018518519 0.024691358 0.021604938
[13] 0.027777778 0.021604938 0.030864198 0.030864198 0.030864198 0.012345679
[19] 0.015432099 0.021604938 0.033950617 0.043209877 0.012345679 0.009259259
[25] 0.027777778 0.030864198 0.018518519 0.024691358 0.012345679 0.012345679
[31] 0.015432099 0.012345679 0.018518519 0.015432099 0.003086420 0.024691358
[37] 0.018518519 0.012345679 0.018518519 0.012345679 0.018518519 0.009259259
[43] 0.018518519 0.015432099 0.012345679 0.012345679 0.006172840 0.006172840
[49] 0.003086420 0.006172840 0.006172840 0.003086420 0.012345679 0.006172840
[55] 0.006172840 0.003086420 0.003086420 0.003086420 0.006172840 0.003086420
[61] 0.003086420 0.003086420 0.009259259 0.006172840 0.006172840 0.003086420
[67] 0.003086420 0.003086420 0.003086420 0.003086420
