   Var1 Freq
1     0   80
2     1   50
3     2   45
4     3   21
5     4   33
6     5   21
7     6   21
8     7   14
9     8   20
10    9   17
11   10    9
12   11    7
13   12    6
14   13    7
15   14    6
16   15    5
17   17    2
18   18    1
19   19    1
20   20    1
 [1] 1  2  3  4  5  6  7  8  9  10 11 12 13 14 15 17 18 19 20
Levels: 0 1 2 3 4 5 6 7 8 9 10 11 12 13 14 15 17 18 19 20
 [1] 50 45 21 33 21 21 14 20 17  9  7  6  7  6  5  2  1  1  1
 [1] "0"  "1"  "2"  "3"  "4"  "5"  "6"  "7"  "8"  "9"  "10" "11" "12" "13" "14"
[16] "15" "17" "18" "19" "20"
 [1] 80 50 45 21 33 21 21 14 20 17  9  7  6  7  6  5  2  1  1  1
 [1] 0.217983651 0.136239782 0.122615804 0.057220708 0.089918256 0.057220708
 [7] 0.057220708 0.038147139 0.054495913 0.046321526 0.024523161 0.019073569
[13] 0.016348774 0.019073569 0.016348774 0.013623978 0.005449591 0.002724796
[19] 0.002724796 0.002724796
